Plants Score: 1 1 1 1 1 1 1 1 1 1 1 1 1 1 1 1 1 1 1 1 
Mice Score: 1177 523 658 738 10 472 794 10 7 603 10 10 575 523 9 592 714 8 575 575 
Cats Score: 199 200 240 253 217 232 216 220 157 209 209 209 114 87 58 135 202 163 226 223 
Plants Genes: 5 8 6 -4 -4 5 3 3 -6 -2 4 -17 -12 -3 5 -7 -10 -1 -1 -6 -13 0 -3 7 -16 7 8 -14 -3 -4 -5 -10 -14 -3 -3 -7 15 1 -32 -3 -6 6 -2 -9 18 3 7 1 6 -8 4 -3 -2 9 0 1 0 2 4 -5 
Mice Genes: 0 -6 -4 -1 5 -9 4 -3 -2 14 -8 -9 -1 -7 -6 -1 0 -1 -5 14 -1 -4 -1 3 1 1 0 -5 -2 0 -5 -7 4 6 -3 -14 9 -11 1 0 -5 -4 6 1 -6 4 0 -2 1 -8 8 -8 -1 1 -8 1 -4 -2 -5 12 
Cats Genes: -6 4 4 9 7 3 4 12 -17 -15 2 7 -1 9 -4 0 -2 -5 -1 2 2 1 -11 -15 -21 -1 -11 5 -14 -5 8 -5 -2 2 2 3 6 -3 -15 8 10 9 4 2 -6 6 3 9 7 -14 8 8 -12 10 3 -6 2 -12 -12 -4 
Plants Genes: 5 8 6 -4 -4 5 3 3 -7 -2 4 -17 -12 -3 5 -7 -11 -1 -1 -6 -12 0 -3 7 -15 7 8 -14 -3 -4 -5 -9 -14 -3 -3 -7 15 1 -32 -3 -6 6 -2 -9 18 3 7 1 6 -8 4 -3 -2 9 0 1 0 3 4 -5 
Mice Genes: 0 -6 -4 -1 5 -9 4 -3 -2 14 -8 -9 -1 -7 -6 -1 0 -1 -5 14 -1 -4 -1 3 1 1 1 -5 -2 0 -5 -7 4 6 -2 -14 9 -11 1 -1 -5 -4 7 1 -6 4 0 -2 1 -8 8 -8 -1 1 -8 1 -4 -1 -5 12 
Cats Genes: -6 4 4 9 7 3 4 12 -17 -15 2 7 -1 9 -4 0 -2 -5 -1 2 1 1 -11 -15 -21 -1 -11 5 -14 -5 8 -5 -2 2 2 3 5 -3 -15 8 10 9 4 2 -6 6 3 9 7 -14 8 9 -12 10 3 -6 2 -12 -12 -4 
Plants Genes: 5 8 5 -4 -4 5 3 3 -6 -2 4 -17 -11 -3 5 -7 -11 -1 -1 -6 -13 0 -3 7 -15 7 8 -14 -3 -4 -5 -10 -14 -3 -3 -7 15 1 -32 -3 -6 6 -2 -9 18 3 7 1 6 -8 4 -3 -2 9 0 1 0 2 4 -5 
Mice Genes: 0 -6 -4 -1 5 -9 4 -3 -2 14 -8 -9 -1 -7 -6 -1 0 -1 -5 14 -1 -4 -1 3 1 1 1 -5 -2 0 -5 -7 4 6 -2 -14 9 -11 1 -1 -5 -4 7 1 -7 4 0 -2 1 -8 8 -8 -1 1 -8 1 -4 -2 -5 12 
Cats Genes: -6 4 4 9 7 3 4 12 -17 -15 3 8 -1 9 -5 0 -2 -5 -1 2 1 1 -11 -15 -21 -1 -11 5 -14 -5 8 -6 -2 2 2 3 6 -3 -15 8 10 9 4 2 -6 6 3 9 7 -14 8 9 -12 10 3 -6 2 -12 -12 -4 
Plants Genes: 5 8 6 -4 -4 5 3 3 -6 -2 4 -17 -12 -3 5 -7 -11 -1 -1 -6 -13 0 -3 7 -15 7 8 -13 -3 -4 -5 -10 -14 -3 -3 -7 15 1 -32 -3 -6 6 -2 -9 18 3 7 1 6 -8 4 -3 -2 9 0 1 0 2 4 -5 
Mice Genes: 0 -6 -4 -1 5 -8 4 -3 -2 14 -8 -9 -1 -7 -6 -1 0 -1 -5 14 -1 -4 -1 3 1 1 1 -5 -2 0 -5 -7 4 6 -2 -14 9 -11 1 -1 -5 -4 7 1 -6 4 0 -2 1 -8 8 -8 -1 1 -8 1 -4 -2 -5 12 
Cats Genes: -6 4 4 9 7 3 4 12 -17 -15 2 7 -1 8 -4 0 -2 -5 -1 2 2 1 -11 -15 -21 -1 -11 5 -14 -5 8 -5 -2 2 2 3 5 -4 -15 8 10 9 4 2 -6 6 4 9 7 -14 8 9 -12 10 3 -6 2 -12 -12 -4 
Plants Genes: 5 9 6 -4 -4 5 3 3 -6 -2 4 -17 -12 -2 5 -7 -11 -1 -1 -7 -11 0 -2 7 -15 7 8 -14 -3 -4 -4 -10 -14 -3 -4 -7 15 1 -32 -3 -6 6 -2 -10 18 3 7 1 6 -7 3 -3 -3 9 0 1 0 2 4 -5 
Mice Genes: 1 -6 -4 -2 5 -9 3 -4 -2 13 -8 -9 -1 -6 -5 -1 0 -4 -4 14 -1 -5 -1 3 1 1 1 -4 -3 1 -5 -7 4 6 -2 -14 9 -11 1 -1 -5 -4 6 1 -6 4 0 -3 3 -8 8 -8 -1 1 -8 1 -4 -1 -4 12 
Cats Genes: -6 4 4 9 7 3 4 12 -18 -15 2 8 -1 9 -4 0 -3 -5 0 2 2 1 -11 -14 -20 -1 -11 5 -14 -5 8 -5 -3 2 2 3 6 -3 -15 7 10 8 4 2 -6 6 3 9 7 -14 8 10 -12 10 3 -6 1 -12 -12 -4 
Plants Genes: 5 9 6 -4 -4 5 3 3 -6 -2 4 -17 -12 -3 5 -7 -11 -1 -1 -7 -11 0 -2 7 -15 7 8 -14 -3 -4 -4 -10 -14 -3 -4 -7 15 1 -32 -3 -6 6 -2 -10 18 3 7 1 6 -8 4 -3 -2 9 0 1 0 2 4 -5 
Mice Genes: 0 -6 -4 -2 5 -9 3 -4 -2 13 -8 -9 -1 -6 -5 -2 0 -3 -3 14 -1 -5 -1 3 1 1 1 -4 -3 1 -5 -7 4 6 -2 -13 9 -11 1 -1 -5 -4 6 1 -6 4 0 -3 2 -8 8 -8 -2 1 -9 1 -4 -1 -4 12 
Cats Genes: -6 4 4 9 7 3 4 12 -18 -15 2 8 -1 9 -4 0 -3 -5 0 2 2 1 -11 -14 -20 -1 -11 5 -14 -5 8 -5 -2 2 2 3 6 -3 -15 8 10 8 4 2 -6 6 3 9 7 -14 8 10 -12 10 3 -6 1 -12 -12 -4 
Plants Genes: 5 9 6 -4 -4 5 3 3 -6 -2 4 -17 -12 -3 5 -7 -11 -1 -1 -7 -11 0 -2 7 -15 7 8 -14 -3 -4 -4 -9 -14 -3 -4 -8 15 1 -32 -3 -6 6 -3 -10 18 3 7 1 6 -8 4 -3 -2 9 1 1 0 2 4 -5 
Mice Genes: 0 -6 -4 -2 5 -9 3 -4 -2 13 -8 -9 -1 -6 -5 -1 0 -3 -4 14 -1 -5 -1 3 1 1 1 -4 -3 1 -5 -7 4 6 -2 -14 9 -11 1 -1 -5 -4 6 1 -6 4 0 -3 2 -8 8 -9 -1 1 -8 1 -4 -1 -4 12 
Cats Genes: -6 4 4 9 6 3 4 12 -18 -15 2 8 -1 9 -4 0 -3 -5 0 2 2 1 -11 -14 -20 -1 -11 5 -14 -5 8 -5 -2 2 2 3 6 -3 -15 8 10 8 4 2 -6 6 3 10 7 -14 8 10 -12 10 3 -6 1 -12 -12 -4 
Plants Genes: 5 9 6 -4 -4 5 3 3 -6 -2 4 -17 -12 -3 5 -7 -11 -1 -1 -7 -11 0 -2 7 -15 7 8 -14 -3 -4 -4 -10 -14 -3 -4 -7 15 1 -32 -3 -6 6 -2 -11 18 3 7 1 6 -8 4 -3 -2 9 0 1 0 2 4 -5 
Mice Genes: 0 -6 -4 -2 5 -9 3 -4 -2 13 -8 -9 -1 -6 -5 -1 0 -3 -4 15 -1 -5 -1 3 2 1 1 -4 -3 1 -5 -7 4 6 -2 -14 9 -11 1 -1 -5 -3 6 1 -6 4 0 -3 2 -8 8 -8 -1 0 -8 1 -4 -1 -4 12 
Cats Genes: -6 4 4 9 7 3 4 12 -18 -15 2 8 -1 9 -4 0 -3 -5 0 2 2 1 -11 -14 -20 -1 -11 5 -14 -5 8 -4 -2 2 2 3 6 -3 -14 8 10 8 4 2 -6 6 3 9 7 -14 8 10 -12 10 3 -6 1 -12 -12 -5 
Plants Genes: 5 8 6 -4 -4 5 3 3 -7 -2 4 -17 -12 -3 5 -7 -11 -1 0 -6 -12 0 -3 7 -16 6 9 -14 -3 -4 -4 -10 -14 -3 -4 -7 15 1 -32 -4 -6 6 -2 -9 18 3 7 1 6 -7 4 -3 -2 8 -1 1 0 2 4 -5 
Mice Genes: 0 -5 -4 -1 5 -9 3 -3 -2 14 -8 -9 -1 -7 -6 -1 0 -1 -5 14 -1 -5 0 3 1 1 1 -5 -2 0 -6 -7 4 6 -2 -14 9 -12 1 -1 -5 -4 7 1 -6 4 0 -2 1 -8 8 -8 -1 1 -8 1 -4 -2 -5 12 
Cats Genes: -6 4 4 9 7 3 4 12 -17 -15 2 8 -1 9 -4 0 -2 -5 -1 2 2 1 -11 -15 -21 -1 -11 5 -14 -5 8 -5 -2 2 1 3 6 -3 -15 8 10 8 5 2 -6 6 4 9 7 -13 8 8 -12 10 2 -6 2 -12 -12 -4 
Plants Genes: 6 9 6 -4 -4 5 3 3 -7 -2 4 -17 -12 -3 5 -7 -11 -1 0 -6 -12 0 -3 7 -15 7 8 -14 -3 -4 -4 -10 -15 -3 -4 -7 15 1 -32 -3 -6 6 -2 -9 18 3 7 1 6 -7 4 -3 -2 8 -1 1 0 2 4 -5 
Mice Genes: 0 -4 -4 -1 5 -9 3 -3 -2 14 -8 -9 -1 -7 -6 -1 0 -1 -5 14 -1 -4 0 3 1 1 1 -5 -2 0 -5 -7 4 6 -2 -14 9 -12 1 -1 -5 -4 7 1 -6 4 0 -2 1 -8 7 -8 -1 1 -8 1 -4 -2 -5 12 
Cats Genes: -6 4 3 9 7 3 4 12 -17 -15 2 8 -1 9 -3 0 -2 -5 -1 2 2 1 -11 -15 -21 -1 -11 4 -14 -5 8 -5 -2 2 2 3 6 -3 -15 8 10 8 5 2 -6 6 4 9 7 -14 8 9 -12 10 3 -6 2 -12 -12 -4 
Plants Genes: 5 9 6 -4 -4 5 4 3 -7 -2 4 -17 -12 -3 5 -7 -11 -1 0 -6 -12 0 -3 7 -15 7 8 -14 -3 -4 -4 -10 -14 -3 -4 -7 15 1 -32 -3 -6 7 -2 -9 19 3 7 1 6 -7 4 -3 -2 8 -1 1 0 2 4 -5 
Mice Genes: 0 -5 -4 -1 5 -9 3 -3 -2 14 -8 -9 -1 -7 -6 -1 0 -1 -5 14 -1 -4 0 3 1 1 1 -5 -2 0 -5 -7 4 6 -2 -14 9 -12 1 -1 -5 -4 7 1 -6 4 0 -2 1 -8 8 -8 -1 1 -8 1 -4 -2 -5 12 
Cats Genes: -6 4 4 9 7 3 4 12 -17 -15 2 8 -2 9 -4 0 -1 -5 -1 2 2 1 -11 -15 -21 -1 -11 5 -14 -5 8 -5 -2 2 2 4 6 -3 -15 9 10 8 6 2 -6 6 4 9 7 -14 8 9 -12 10 3 -6 2 -12 -12 -4 
Plants Genes: 5 9 6 -4 -4 5 3 3 -7 -2 4 -17 -12 -3 5 -7 -11 -1 0 -6 -12 0 -3 8 -15 7 8 -14 -3 -4 -4 -10 -14 -3 -4 -7 15 1 -32 -3 -6 6 -2 -9 18 3 7 1 6 -7 4 -3 -2 8 -1 1 0 2 4 -5 
Mice Genes: 0 -5 -4 -1 5 -9 3 -3 -2 14 -8 -9 -1 -7 -6 -1 0 -1 -5 14 -1 -4 0 3 1 1 1 -5 -2 0 -5 -7 4 6 -2 -14 9 -12 1 -1 -5 -5 7 1 -6 4 0 -2 1 -8 8 -8 -1 1 -8 1 -4 -2 -5 11 
Cats Genes: -6 4 4 9 7 3 4 12 -17 -14 2 8 -1 9 -4 0 -2 -5 -1 2 2 1 -11 -15 -21 -1 -11 5 -14 -5 8 -5 -2 2 2 3 6 -3 -14 8 10 8 5 2 -6 6 4 9 7 -14 8 9 -12 10 3 -6 2 -12 -12 -4 
Plants Genes: 5 9 6 -4 -4 5 3 3 -6 -2 4 -17 -12 -3 5 -6 -11 -1 0 -6 -12 0 -3 7 -14 7 8 -14 -3 -4 -4 -10 -14 -3 -5 -6 15 1 -31 -3 -6 6 -2 -9 18 3 7 1 6 -8 4 -3 -2 9 -1 1 0 2 4 -5 
Mice Genes: 0 -6 -4 -2 5 -9 3 -4 -1 13 -8 -9 -1 -7 -6 -1 0 -3 -4 14 -1 -5 0 1 1 1 2 -5 -2 1 -5 -7 4 6 -2 -13 9 -11 1 -1 -5 -5 6 1 -7 4 0 -3 2 -7 8 -7 -1 1 -8 2 -4 -1 -4 11 
Cats Genes: -7 5 4 9 7 1 4 12 -17 -15 2 8 -1 9 -3 0 -3 -5 -1 2 1 1 -10 -15 -21 -1 -11 5 -14 -5 8 -5 -2 1 3 3 6 -3 -15 8 10 8 4 2 -7 6 3 9 7 -13 8 9 -12 10 3 -5 1 -12 -12 -4 
Plants Genes: 6 9 6 -4 -4 5 3 3 -6 -2 4 -17 -12 -4 5 -6 -11 -1 0 -6 -12 0 -3 7 -15 6 8 -14 -3 -4 -4 -10 -14 -3 -5 -6 15 1 -31 -3 -6 6 -2 -9 18 3 7 1 6 -8 4 -3 -2 9 -1 1 0 2 4 -5 
Mice Genes: 0 -6 -5 -2 5 -9 3 -4 -1 13 -8 -9 -1 -7 -6 -1 0 -3 -4 14 -1 -5 0 1 1 2 2 -5 -2 1 -5 -7 4 6 -2 -13 9 -11 1 -1 -5 -4 6 1 -7 4 0 -3 2 -7 8 -7 0 1 -8 1 -4 -1 -4 11 
Cats Genes: -7 5 4 9 7 1 4 12 -17 -15 2 8 -1 9 -3 0 -3 -5 -1 2 2 2 -11 -15 -21 -1 -11 5 -14 -5 8 -5 -2 1 3 3 7 -3 -15 8 10 8 4 2 -7 6 3 9 7 -13 8 9 -12 10 3 -5 1 -12 -12 -4 
Plants Genes: 5 9 6 -4 -4 5 3 3 -6 -2 4 -17 -12 -3 5 -6 -11 -1 0 -6 -12 0 -3 7 -15 7 8 -14 -3 -4 -4 -10 -14 -4 -5 -6 15 1 -31 -3 -6 6 -2 -9 18 3 7 1 6 -8 4 -3 -2 9 -1 1 0 2 4 -5 
Mice Genes: 0 -6 -4 -2 5 -9 3 -4 -1 13 -8 -9 -1 -7 -6 -1 0 -3 -4 14 -1 -5 0 1 1 1 2 -5 -2 1 -5 -7 4 6 -2 -13 9 -12 1 -1 -5 -4 6 1 -7 4 0 -3 2 -7 8 -7 -1 1 -8 1 -4 -1 -4 11 
Cats Genes: -7 5 4 9 7 1 4 12 -17 -15 2 8 -1 9 -3 0 -3 -5 -1 2 2 1 -11 -15 -21 -1 -11 5 -14 -5 8 -5 -3 1 3 3 6 -3 -15 8 10 8 4 2 -7 6 3 9 7 -13 8 9 -12 10 3 -5 1 -12 -12 -4 
Plants Genes: 4 9 6 -4 -4 5 3 3 -6 -2 4 -17 -12 -3 5 -6 -11 -1 0 -6 -12 0 -3 7 -15 7 8 -14 -3 -4 -4 -10 -14 -3 -5 -6 15 1 -31 -3 -6 6 -2 -9 18 3 7 1 6 -8 4 -3 -2 9 -1 1 0 2 4 -5 
Mice Genes: 0 -6 -4 -2 5 -9 3 -4 -1 13 -8 -9 -1 -7 -6 -1 0 -3 -4 14 -1 -5 0 1 1 1 2 -5 -2 1 -5 -7 4 7 -2 -13 9 -11 1 -1 -5 -4 6 1 -7 4 0 -3 2 -7 8 -7 -1 1 -8 1 -4 -1 -4 11 
Cats Genes: -7 5 4 9 7 1 4 12 -17 -15 2 8 -1 9 -3 0 -3 -5 -1 2 2 1 -11 -15 -21 -1 -11 5 -14 -5 8 -5 -2 1 3 3 6 -3 -15 8 10 8 4 2 -7 6 3 9 7 -13 8 9 -12 10 3 -5 1 -12 -12 -4 
Plants Genes: 5 9 6 -4 -4 5 3 3 -6 -2 4 -17 -12 -3 5 -6 -11 -1 -1 -6 -12 0 -3 7 -16 7 8 -14 -3 -4 -4 -10 -14 -3 -5 -6 15 1 -31 -3 -6 6 -2 -9 18 3 7 1 6 -8 4 -3 -2 9 -1 1 0 2 4 -5 
Mice Genes: 0 -6 -4 -2 5 -9 3 -4 -2 13 -8 -9 -1 -6 -5 -1 0 -3 -5 14 -1 -5 -1 3 1 1 1 -4 -3 1 -5 -7 4 6 -2 -14 9 -11 1 -1 -5 -4 6 1 -6 4 0 -3 2 -8 8 -8 -1 1 -8 1 -4 -1 -4 12 
Cats Genes: -7 5 4 9 7 2 4 12 -17 -15 2 8 0 9 -3 0 -3 -5 -1 2 2 1 -11 -15 -20 -1 -11 5 -14 -5 8 -5 -2 1 2 3 6 -3 -15 8 10 8 4 2 -6 6 3 9 6 -13 8 9 -12 10 3 -5 1 -12 -12 -4 
Plants Genes: 5 9 6 -4 -4 5 3 3 -6 -2 4 -17 -12 -3 5 -6 -11 -1 0 -6 -12 0 -3 7 -15 7 8 -14 -3 -4 -4 -10 -14 -2 -5 -6 15 1 -31 -3 -6 6 -2 -10 18 3 7 1 6 -8 4 -3 -2 9 -1 1 0 2 4 -5 
Mice Genes: 0 -6 -4 -2 4 -9 3 -4 -2 12 -8 -9 -1 -6 -6 -1 0 -3 -5 14 -1 -5 -1 3 1 1 1 -4 -3 1 -5 -7 4 6 -2 -14 9 -11 1 -1 -5 -4 6 1 -6 4 0 -3 2 -8 8 -8 -1 1 -8 1 -4 -1 -4 12 
Cats Genes: -7 5 3 10 7 2 4 12 -17 -14 2 8 0 9 -3 0 -3 -5 -1 2 2 1 -11 -15 -20 -1 -12 6 -14 -5 8 -5 -2 1 2 3 6 -3 -15 8 10 8 4 2 -6 6 3 9 6 -13 8 9 -12 10 3 -5 1 -12 -12 -4 
Plants Genes: 5 9 6 -5 -4 5 3 3 -6 -2 4 -17 -12 -3 5 -6 -10 -1 0 -6 -12 1 -3 7 -15 7 8 -14 -3 -4 -3 -10 -14 -3 -5 -6 15 1 -31 -3 -6 6 -2 -9 18 3 7 1 6 -8 4 -3 -2 9 -1 1 0 2 4 -5 
Mice Genes: 0 -6 -4 -2 5 -9 3 -4 -2 13 -8 -9 -1 -6 -5 -1 0 -3 -5 14 -1 -5 -1 3 1 1 1 -4 -3 1 -5 -7 4 6 -2 -14 9 -11 1 -1 -5 -4 6 1 -6 4 0 -3 2 -8 8 -8 -1 1 -8 1 -4 -1 -4 12 
Cats Genes: -7 5 4 9 7 2 4 12 -17 -15 2 8 0 9 -3 0 -3 -5 -1 2 2 1 -11 -15 -20 -1 -11 5 -14 -5 8 -5 -3 0 2 3 5 -3 -15 8 10 8 4 1 -6 6 3 9 6 -13 8 9 -12 10 3 -5 1 -12 -12 -4 
Plants Genes: 5 9 6 -4 -4 5 3 3 -6 -2 4 -17 -12 -3 5 -6 -11 -1 0 -6 -12 0 -3 7 -15 7 8 -14 -2 -4 -4 -10 -14 -3 -5 -6 15 1 -31 -3 -6 6 -2 -9 18 3 7 1 6 -8 4 -3 -1 9 -1 1 0 2 4 -5 
Mice Genes: 0 -6 -4 -2 6 -9 3 -3 -2 13 -8 -9 -1 -6 -5 -1 0 -3 -4 14 -1 -5 -1 3 1 1 1 -4 -3 1 -5 -7 4 6 -2 -14 9 -11 1 -1 -5 -4 6 1 -6 4 0 -3 2 -8 9 -8 -1 1 -8 1 -4 -1 -4 12 
Cats Genes: -7 5 4 9 7 2 4 12 -17 -15 2 8 0 8 -3 -1 -3 -5 -1 2 2 1 -11 -15 -20 -1 -11 5 -14 -5 8 -5 -2 1 2 3 6 -3 -15 8 10 8 4 2 -6 6 3 9 7 -13 8 9 -12 10 3 -5 1 -12 -12 -4 
