Plants Score: 1 1 1 1 1 1 1 1 1 1 1 1 1 1 1 1 1 1 1 1 1 1 1 1 1 1 1 1 1 1 1 1 1 1 1 1 1 1 1 1 1 1 1 1 1 1 1 1 1 1 1 1 
Mice Score: 1 1 1 1 1 1 1 1 1 44 907 1 907 907 1 1 1 1 1 1 1 1 1 1 1 1 1 1 1 1 1 1 1 1 907 1 1 1 1 1 1 1 1 1 1 1 1 1 1 1 1 1 
Cats Score: 3183 3178 3182 3182 3180 3188 3185 3180 3182 3195 3248 3186 3260 3253 3180 3180 3183 3180 3183 3180 3180 3180 3180 3178 3180 3180 3180 3180 3182 3180 3182 3180 3180 3185 3240 3180 3180 3178 3180 3182 3180 3180 3182 3180 3178 3183 3180 3180 3180 3180 3180 3180 
Plants Genes: 0 0 -1 0 0 0 0 0 0 -1 0 1 1 0 0 0 0 0 0 -1 0 1 1 1 0 0 -1 0 0 0 0 0 0 0 0 -1 0 0 1 0 1 0 0 0 0 1 0 0 1 0 -1 0 0 0 1 1 0 0 1 0 0 0 0 0 0 2 2 1 0 -1 0 0 0 1 0 0 -1 1 -1 -1 0 0 0 1 0 -1 0 0 0 0 -1 0 0 0 0 0 0 -1 1 0 0 -1 0 -1 0 1 0 0 0 0 0 0 0 0 0 0 1 0 0 0 0 0 1 0 0 -1 
Mice Genes: 1 -1 1 0 0 1 0 0 0 0 0 1 1 0 0 0 0 0 0 0 0 0 0 0 0 0 1 -1 0 0 0 0 0 1 0 0 0 0 0 0 0 0 0 0 0 0 0 0 0 0 0 0 0 0 0 0 0 0 0 0 0 0 0 0 0 0 0 0 -1 0 -1 0 0 1 0 0 0 0 0 0 -1 0 0 -1 0 0 0 0 0 0 0 0 0 0 0 0 0 0 0 0 0 0 1 0 0 0 0 0 0 0 0 0 0 -1 0 0 -1 1 0 0 0 1 -1 0 0 0 
Cats Genes: 0 0 -1 0 1 -1 -2 0 -1 -1 0 1 0 0 0 0 0 0 0 0 0 0 0 -1 0 1 -1 0 0 0 0 0 1 0 0 0 0 0 0 0 0 0 0 -1 0 0 0 0 0 0 0 0 0 2 0 -1 0 0 0 0 0 0 0 0 1 0 0 1 0 0 0 0 0 0 2 0 0 0 1 0 0 0 0 0 0 -1 0 0 1 0 0 0 0 0 0 1 0 0 0 0 0 1 0 -1 0 0 0 0 0 1 0 1 0 0 0 0 1 1 0 0 1 0 0 0 0 0 
Plants Genes: 0 0 -1 0 0 0 0 0 0 -1 0 1 1 0 0 0 0 0 0 -1 0 1 1 1 0 0 -1 0 0 0 0 0 0 -1 0 -1 0 0 1 0 1 0 0 0 0 1 0 0 1 0 -1 0 0 0 1 1 0 0 1 0 0 0 0 0 0 2 2 1 0 -1 0 0 0 1 0 0 -1 1 -1 -1 0 0 0 1 0 -1 0 0 0 0 -1 0 0 0 0 0 0 -1 1 0 0 -1 0 -1 0 1 0 0 0 0 0 0 0 0 0 0 1 0 0 0 0 0 1 0 0 -1 
Mice Genes: 1 -1 1 0 0 1 0 0 0 0 0 1 1 0 0 0 0 0 0 0 0 0 0 0 0 0 1 -1 0 0 0 0 0 1 0 0 0 0 0 0 0 0 0 0 0 0 0 0 0 0 0 0 0 0 0 0 0 0 0 0 -1 0 0 0 0 0 0 0 -1 0 -1 0 0 1 0 0 0 0 0 0 -1 0 0 -1 0 0 0 0 0 0 0 0 0 0 0 0 0 0 0 0 0 0 1 0 0 0 0 0 0 0 0 0 0 -1 0 0 -1 1 0 0 0 1 -1 0 0 0 
Cats Genes: 0 0 -1 0 1 -1 -2 0 -1 -1 0 1 0 0 0 0 0 0 0 0 0 0 0 -1 0 1 -1 0 0 0 0 0 1 0 0 0 0 0 0 0 0 0 0 -1 0 0 0 0 0 0 0 0 0 2 0 -1 0 0 0 0 0 0 0 0 1 0 0 1 0 0 0 0 0 0 2 0 0 0 1 0 0 0 0 0 0 -1 0 0 1 0 0 0 0 0 0 1 0 0 0 0 0 1 0 -1 0 0 0 0 0 1 0 1 0 0 0 0 1 1 0 0 1 0 0 0 0 0 
Plants Genes: 0 0 -1 0 0 0 0 0 0 -1 0 1 1 0 0 0 0 0 0 -1 0 1 1 1 0 0 -1 0 0 0 0 0 0 0 0 -1 0 0 1 0 1 0 0 0 0 1 0 0 1 0 -1 0 0 0 1 1 0 0 1 0 0 0 0 0 0 2 2 1 0 -1 0 0 0 1 0 0 -1 1 -1 -1 0 0 0 1 0 -1 0 0 0 0 -1 0 0 0 0 0 0 -1 1 0 0 -1 0 -1 0 1 0 0 0 0 0 0 0 0 0 0 1 0 0 0 0 0 1 0 0 -1 
Mice Genes: 1 -1 1 0 0 1 0 0 0 0 0 1 1 0 0 0 0 0 0 0 0 0 0 0 0 0 1 -1 0 0 0 0 0 1 0 0 0 0 0 0 0 0 0 0 0 0 0 0 0 0 0 0 0 0 0 0 0 0 0 0 -1 0 0 0 0 0 0 0 -1 0 -1 0 0 1 0 0 0 0 0 0 -1 0 0 -1 0 0 0 0 0 0 0 -1 0 0 0 0 0 0 0 0 0 0 0 0 0 0 0 0 0 0 0 0 0 -1 0 0 -1 1 0 0 0 1 -1 0 0 0 
Cats Genes: 0 0 -1 0 1 -1 -2 0 -1 -1 0 1 0 0 0 0 0 0 0 0 0 0 0 -1 0 1 -1 0 0 0 0 0 1 0 0 0 0 0 0 0 0 0 0 0 0 0 0 0 0 0 0 0 0 2 0 -1 0 0 0 0 0 0 0 0 1 0 0 1 0 0 0 0 0 0 1 0 0 0 1 0 0 0 0 0 0 -1 0 0 1 0 0 0 0 0 0 1 0 0 0 0 0 1 0 -1 0 0 0 0 0 1 0 1 0 0 0 0 1 0 0 0 1 0 0 0 0 0 
Plants Genes: 0 0 -1 0 0 0 0 0 0 -1 0 1 1 0 0 0 0 0 0 -1 0 1 1 1 0 0 -1 0 0 0 0 0 0 -1 0 -1 0 0 1 0 1 0 0 0 0 1 0 0 1 0 -1 0 0 0 1 1 0 0 1 0 0 0 0 0 0 2 2 1 0 -1 0 0 0 1 0 0 -1 1 -1 -1 0 0 0 1 0 -1 0 0 0 0 -1 0 0 0 0 0 0 -1 1 0 0 -1 0 -1 0 1 0 0 0 0 0 0 0 0 0 0 1 0 0 0 0 0 1 0 0 -1 
Mice Genes: 1 -1 1 0 0 1 0 0 0 0 0 1 1 0 0 0 0 0 0 0 0 0 0 0 0 0 1 -1 0 0 0 0 0 1 0 0 0 0 0 0 0 0 0 0 0 0 0 0 0 0 0 0 0 0 0 0 0 0 0 0 -1 0 0 0 0 0 0 0 -1 0 -1 0 0 1 0 0 0 0 0 0 -1 0 0 -1 0 0 0 0 0 0 0 0 0 0 0 0 0 0 0 0 0 0 0 0 0 0 0 0 0 0 0 0 0 -1 0 0 -1 1 0 0 0 1 -1 0 0 0 
Cats Genes: 0 0 -1 0 1 -1 -2 0 -1 -1 0 1 0 0 0 0 0 0 0 0 0 0 0 -1 0 1 -1 0 0 0 0 0 1 0 0 0 0 0 0 0 0 0 0 -1 0 0 0 0 0 0 0 0 0 2 0 -1 0 0 0 0 0 0 0 0 1 0 0 1 0 0 0 0 0 0 2 0 0 0 1 0 0 0 0 0 0 -1 0 0 1 0 0 0 0 0 0 1 0 0 0 0 0 1 0 -1 0 0 0 0 0 1 0 1 0 0 1 0 1 0 0 0 1 0 0 0 0 0 
Plants Genes: 0 0 -1 0 0 0 0 0 0 -1 0 1 1 0 0 0 0 0 0 -1 0 1 1 1 0 0 -1 0 0 0 0 0 0 -1 0 -1 0 0 1 0 1 0 0 0 0 1 0 0 1 0 -1 0 1 0 1 1 0 0 1 0 0 0 0 0 0 2 2 1 0 -1 0 0 0 1 0 0 -1 1 -1 -1 0 0 0 1 0 -1 0 0 0 0 -1 0 0 0 0 0 0 -1 1 0 0 -1 0 -1 0 1 0 0 0 0 0 0 0 0 0 0 1 0 0 0 0 0 1 0 0 -1 
Mice Genes: 1 -1 1 0 0 1 0 0 0 0 0 1 1 0 0 0 0 0 0 0 0 0 0 0 0 0 1 -1 0 0 0 0 0 1 0 0 0 0 0 0 0 0 -1 0 0 0 0 0 0 0 0 0 0 0 0 0 0 0 0 0 0 0 0 0 0 0 0 0 -1 0 -1 0 0 1 0 0 0 0 0 0 -1 0 0 -1 0 0 0 0 0 0 0 0 0 0 0 0 0 0 0 0 0 0 0 0 0 0 0 0 0 0 0 0 0 -1 0 0 -1 1 1 0 0 1 -1 0 0 0 
Cats Genes: 0 0 -1 0 1 -1 -2 0 0 -1 0 1 0 0 0 0 0 0 0 0 0 0 0 -1 0 1 -1 0 0 1 0 0 1 0 0 0 0 0 0 0 0 0 0 0 0 0 0 0 0 0 0 0 0 2 0 -1 0 0 0 0 0 0 0 0 1 0 0 1 0 0 0 0 0 0 1 0 0 0 1 0 0 0 0 0 0 -1 0 0 1 0 0 0 0 0 0 1 0 0 0 0 0 1 0 -1 0 0 0 0 0 1 0 1 0 0 0 0 1 1 0 0 1 0 0 0 0 0 
Plants Genes: 0 0 -1 0 0 0 0 0 0 -1 0 1 1 0 0 0 0 0 0 -1 0 1 1 1 0 0 -1 0 0 0 0 0 0 -1 0 -1 0 0 1 0 1 0 0 0 0 1 0 0 1 0 -1 0 1 0 1 1 0 0 1 0 0 0 0 0 0 2 2 1 0 -1 0 0 0 1 0 0 -1 1 -1 -1 0 0 0 1 0 -1 0 0 0 0 -1 0 0 0 0 0 0 -1 1 0 0 -1 0 -1 0 1 0 0 0 0 0 0 0 0 0 0 1 0 0 0 0 0 1 0 0 -1 
Mice Genes: 1 -1 1 0 0 1 0 0 0 0 0 1 1 0 0 0 0 0 0 0 0 0 0 0 0 0 1 -1 0 0 0 0 0 1 0 0 0 0 0 0 0 0 0 0 0 0 0 0 0 0 0 0 0 0 0 0 0 0 0 0 0 0 0 0 0 0 0 0 -1 0 -1 0 0 0 0 0 0 0 0 0 -1 0 0 -1 0 0 0 0 0 0 0 0 0 0 0 0 0 0 0 0 0 0 1 0 0 0 0 0 0 0 0 0 0 -1 0 0 -1 1 0 0 0 1 -1 0 0 0 
Cats Genes: 0 0 -1 0 1 -1 -2 0 0 -1 0 1 0 0 0 0 0 0 0 0 0 0 0 -1 0 1 -1 0 0 1 0 0 1 0 0 0 0 0 0 0 0 0 0 0 0 0 0 0 0 0 0 0 0 2 0 -1 0 0 0 0 0 0 0 0 1 0 0 1 0 0 0 0 0 0 1 0 0 0 1 0 0 0 0 0 0 -1 0 0 1 0 0 0 0 0 0 1 0 0 0 0 0 1 0 -1 0 0 0 0 0 1 0 1 0 0 0 0 1 1 0 0 1 0 0 0 0 0 
Plants Genes: 0 0 -1 0 0 0 0 0 0 -1 0 1 1 0 0 0 0 0 0 -1 0 1 1 1 0 0 -1 0 0 0 0 0 0 -1 0 -1 0 0 1 0 1 0 0 0 0 1 0 0 1 0 -1 0 0 0 1 1 0 0 1 0 0 0 0 0 0 2 2 1 0 -1 0 0 0 1 0 0 -1 1 -1 -1 0 0 0 1 0 -1 0 0 0 0 -1 0 0 0 0 0 0 -1 1 0 0 -1 0 -1 0 1 0 0 0 0 0 0 0 0 0 0 1 0 0 0 0 0 1 0 0 -1 
Mice Genes: 1 -1 1 0 0 1 0 0 0 0 0 1 1 0 0 0 0 0 0 0 0 0 0 0 0 0 1 -1 0 0 0 0 0 1 0 0 0 0 0 0 0 0 0 0 0 0 0 0 0 0 0 0 0 0 0 0 0 0 0 0 0 0 0 0 0 0 0 0 -1 0 -1 0 0 1 0 0 0 0 0 0 -1 0 0 -1 0 0 0 0 0 0 0 0 0 0 0 0 0 0 0 0 0 0 1 0 0 0 0 0 0 0 0 0 0 -1 0 0 -1 1 0 0 0 1 -1 0 0 0 
Cats Genes: 0 0 -1 0 1 -1 -2 0 0 -1 0 1 0 0 0 0 0 0 0 0 0 0 0 -1 0 1 -1 0 0 1 0 0 1 0 0 0 0 0 0 0 0 0 0 0 0 0 0 0 0 0 0 0 0 2 0 -1 0 0 0 0 0 0 0 0 1 0 0 1 0 0 0 0 0 0 1 0 0 0 1 0 0 0 0 0 0 -1 0 0 1 0 0 0 0 0 0 1 0 0 0 0 1 1 0 -1 0 0 0 0 0 1 0 1 0 0 0 0 1 1 0 0 1 0 0 0 0 0 
Plants Genes: 0 0 -1 0 0 0 0 0 0 -1 0 1 1 0 0 0 0 0 0 -1 0 1 1 1 0 0 -1 0 0 0 0 0 0 -1 0 -1 0 0 1 0 1 0 0 0 0 1 0 0 1 0 -1 0 0 0 1 1 0 0 1 0 0 0 1 0 0 2 2 1 0 -1 0 0 0 1 0 0 -1 1 -1 -1 0 0 0 1 0 -1 0 0 0 0 -1 0 0 0 0 0 0 -1 1 0 0 -1 0 -1 0 1 0 0 0 0 0 0 0 0 0 0 1 0 0 0 0 0 1 0 0 -1 
Mice Genes: 1 -1 1 0 0 1 0 0 0 0 0 1 1 0 0 0 0 0 0 0 0 0 0 0 0 0 1 -1 0 0 0 0 0 1 0 0 0 0 0 0 0 0 -1 0 0 0 0 0 0 0 0 0 0 0 0 0 0 0 0 0 0 0 0 0 0 0 0 0 -1 0 -1 0 0 1 0 0 0 0 0 0 -1 0 0 -1 0 0 0 0 0 0 0 0 0 0 0 0 0 0 0 -1 0 0 1 0 0 0 0 0 0 0 0 0 0 -1 0 0 -1 1 0 0 0 1 -1 0 0 0 
Cats Genes: 0 0 -1 0 1 -1 -2 0 -1 -1 0 1 0 0 0 0 0 0 0 0 0 0 0 -1 0 1 -1 0 0 0 0 0 1 0 0 0 0 0 0 0 0 0 0 0 0 0 0 0 0 0 0 0 0 2 0 -1 0 0 0 0 0 0 0 0 1 0 0 1 0 0 0 0 0 0 1 0 0 0 1 0 0 0 0 0 0 -1 0 0 1 0 0 0 0 0 0 1 0 0 0 0 0 1 0 -1 0 0 0 0 0 1 0 1 0 0 0 0 1 1 0 0 1 0 0 0 0 0 
Plants Genes: 0 0 -1 0 0 0 0 0 0 -1 0 1 1 0 0 0 0 0 0 -1 0 1 1 1 0 0 -1 0 0 0 0 0 0 0 0 -1 0 0 1 0 1 0 0 0 0 1 0 0 1 0 -1 0 0 0 1 1 0 0 1 0 0 0 0 0 0 2 2 1 0 -1 0 0 0 1 0 0 -1 1 -1 -1 0 0 0 1 0 -1 0 0 0 0 -1 0 0 0 0 0 0 -1 1 0 0 -1 0 -1 0 1 0 0 0 0 0 0 0 0 0 0 1 0 0 0 0 0 1 0 0 -1 
Mice Genes: 1 -1 1 0 0 1 0 0 0 0 0 1 1 0 0 0 0 0 0 0 0 0 0 0 0 0 1 -1 0 0 0 0 0 1 0 0 0 0 0 0 0 0 -1 1 0 0 0 0 0 0 0 0 0 0 0 0 0 0 0 0 0 0 0 0 0 0 0 0 -1 0 -1 0 0 0 0 0 0 0 0 0 -1 0 0 -1 0 0 0 0 0 0 0 0 0 0 0 0 0 0 0 0 0 0 0 0 0 0 0 0 0 0 0 0 0 -1 0 0 -1 1 0 0 0 1 -1 0 0 0 
Cats Genes: 0 0 -1 0 1 -1 -2 0 -1 -1 0 1 0 0 0 0 0 0 0 0 0 0 0 -1 0 1 -1 0 0 1 0 0 1 0 0 0 0 0 0 0 0 0 0 0 0 0 0 0 0 0 0 0 0 2 0 -1 0 0 0 0 0 0 0 0 1 0 0 1 0 0 0 0 0 0 1 0 0 0 1 0 0 0 0 0 0 -1 0 0 1 0 0 0 0 0 0 1 0 0 0 0 0 1 0 -1 0 0 0 0 0 1 0 1 0 0 0 0 1 1 0 0 1 0 0 0 0 0 
Plants Genes: 0 0 -1 0 0 0 0 0 0 -1 0 1 1 0 0 0 0 0 0 -1 0 1 1 1 0 0 -1 0 0 0 0 0 0 0 0 -1 0 0 1 0 1 0 0 0 0 1 0 0 1 0 -1 0 0 0 1 1 0 0 1 0 0 0 0 0 0 2 2 1 0 -1 0 0 0 1 0 0 -1 1 -1 -1 0 0 0 1 0 -1 0 0 0 0 -1 0 0 0 0 0 0 -1 1 0 0 -1 0 -1 0 1 0 0 0 0 0 0 0 0 0 0 1 0 0 0 0 0 1 0 0 -1 
Mice Genes: 1 -1 1 0 0 1 0 0 0 0 0 1 1 0 0 0 0 0 0 0 0 0 0 0 0 0 1 -1 0 0 0 0 0 1 0 0 0 0 0 0 0 0 -1 1 0 0 0 0 0 0 0 0 0 0 0 0 0 0 0 0 0 0 0 0 0 0 0 0 -1 0 -1 0 0 0 0 0 0 0 0 0 -1 0 0 -1 0 0 0 0 0 0 0 0 0 0 0 0 0 0 0 0 0 0 0 0 0 0 0 0 0 0 0 0 0 -1 0 0 -1 1 0 0 0 1 -1 0 0 0 
Cats Genes: 0 0 -1 0 1 -1 -2 0 -1 -1 0 1 0 0 0 0 0 0 0 0 0 0 0 -1 0 1 -1 0 0 1 0 0 1 0 0 0 0 0 0 0 0 0 0 0 0 0 0 0 0 0 0 0 0 2 0 -1 0 0 0 0 0 0 0 0 1 0 0 1 0 0 0 0 0 0 2 0 0 0 1 0 0 0 0 0 0 -1 0 0 1 0 0 0 0 0 0 1 0 0 0 0 0 1 0 -1 0 0 0 0 0 1 0 1 0 0 0 0 1 0 0 0 1 0 0 0 0 0 
Plants Genes: 0 0 -1 0 0 0 0 0 0 -1 0 1 1 0 0 0 0 0 0 -1 0 1 1 1 0 0 -1 0 0 0 0 0 0 0 0 -1 0 0 1 0 1 0 0 0 0 1 0 0 1 0 -1 0 0 0 1 1 0 0 1 0 0 0 0 0 0 2 2 1 0 -1 0 0 0 1 0 0 -1 1 -1 -1 0 0 0 1 0 -1 0 0 0 0 -1 0 0 0 0 0 0 -1 1 0 0 -1 0 -1 0 1 0 0 0 0 0 0 0 0 0 0 1 0 0 0 0 0 1 0 0 -1 
Mice Genes: 1 -1 1 0 0 1 0 0 0 0 0 1 1 0 0 0 0 0 0 0 0 0 0 0 0 0 1 -1 0 0 0 0 0 1 0 0 0 0 0 0 0 0 -1 1 0 0 0 0 0 0 0 0 0 0 0 0 0 0 0 0 0 0 0 0 0 0 0 0 -1 0 -1 0 0 0 0 0 0 0 0 0 -1 0 0 -1 0 0 0 0 0 0 0 0 0 0 0 0 0 0 0 0 0 0 0 0 0 0 0 0 0 0 0 0 0 -1 0 0 -1 1 0 0 0 1 -1 0 0 0 
Cats Genes: 0 0 -1 0 1 -1 -2 0 -1 -1 0 1 0 0 0 0 0 0 0 0 0 0 0 -1 0 1 -1 0 0 0 0 0 1 0 0 0 0 0 0 0 0 0 0 0 0 0 0 0 0 0 0 0 0 2 0 -1 0 0 0 0 0 0 0 0 1 0 0 1 0 0 0 0 0 0 2 0 0 0 1 0 0 0 0 0 0 -1 0 0 1 0 0 0 0 0 0 1 0 0 0 0 0 1 0 -1 0 0 0 0 0 1 0 1 0 0 0 0 1 1 0 0 1 0 0 0 0 0 
Plants Genes: 0 0 -1 0 0 0 0 0 0 -1 0 1 1 0 0 0 0 0 0 -1 0 1 1 1 0 0 -1 0 0 0 0 0 0 0 0 -1 0 0 1 0 1 0 0 0 0 1 0 0 1 0 -1 0 0 0 1 1 0 0 1 0 0 0 0 0 0 2 2 1 0 -1 0 0 0 1 0 0 -1 1 -1 -1 0 0 0 1 0 -1 0 0 0 0 -1 0 0 0 0 0 0 -1 1 0 0 -1 0 -1 0 1 0 0 0 0 0 0 0 0 0 0 1 0 0 0 0 0 1 0 0 -1 
Mice Genes: 1 -1 1 0 0 1 0 0 0 0 0 1 1 0 0 0 0 0 0 0 0 0 0 0 0 0 1 -1 0 0 0 0 0 1 0 0 0 0 0 0 0 0 -1 1 0 0 0 0 0 0 0 0 0 0 0 0 0 0 0 0 0 0 0 0 0 0 0 0 -1 0 -1 0 0 0 0 0 0 0 0 0 -1 0 0 -1 0 0 0 0 0 0 0 0 0 0 0 0 0 0 0 0 0 0 0 0 0 0 0 0 0 0 0 0 0 -1 0 0 -1 1 0 0 0 1 -1 0 0 0 
Cats Genes: 0 0 -1 0 1 -1 -2 0 -1 -1 0 1 0 0 0 0 0 0 0 0 0 0 0 -1 0 1 -1 0 0 1 0 0 1 0 0 0 0 0 0 0 0 0 0 0 0 0 0 0 0 0 0 0 0 2 0 -1 0 0 0 0 0 0 0 0 1 0 0 1 0 0 0 0 0 0 1 0 0 0 1 0 0 0 0 0 0 -1 0 0 1 0 0 0 0 0 0 1 0 0 0 0 0 1 0 -1 0 0 0 0 0 1 0 1 0 0 0 0 1 1 0 0 1 0 0 0 0 0 
Plants Genes: 0 0 -1 0 0 0 0 0 0 -1 0 1 1 0 0 0 0 0 0 -1 0 1 1 1 0 0 -1 0 0 0 0 0 0 -1 0 -1 0 0 1 0 1 0 0 0 0 1 0 0 1 0 -1 0 1 0 1 1 0 0 1 0 0 0 0 0 0 2 2 1 0 -1 0 0 0 1 0 0 -1 1 -1 -1 0 0 0 1 0 -1 0 0 0 0 -1 0 0 0 0 0 0 -1 1 0 0 -1 0 -1 0 1 0 0 0 0 0 0 0 0 0 0 1 0 0 0 0 0 1 0 0 -1 
Mice Genes: 1 -1 1 0 0 1 0 0 0 0 0 1 1 0 0 0 0 0 0 0 0 0 0 0 0 0 1 -1 0 0 0 0 0 1 0 0 0 0 0 0 0 0 0 1 0 0 0 0 0 0 0 0 0 0 0 0 0 0 0 0 -1 0 0 0 0 0 0 0 -1 0 -1 0 0 1 0 0 0 0 0 0 -1 0 0 -1 0 0 0 0 0 0 0 -1 0 0 0 0 0 0 0 0 0 0 0 0 0 0 0 0 0 0 0 0 0 -1 0 0 -1 1 0 0 0 1 -1 0 0 0 
Cats Genes: 0 0 -1 0 1 -1 -2 0 -1 -1 0 1 0 0 0 0 0 0 0 0 0 0 0 -1 0 1 -1 0 0 0 0 0 1 0 0 0 0 0 0 0 0 0 0 -1 0 0 0 0 0 0 0 0 0 2 0 -1 0 0 0 0 0 0 0 0 1 0 0 1 0 0 0 0 0 0 1 0 0 0 1 0 0 0 0 0 0 -1 0 0 1 0 0 0 0 0 0 1 0 0 0 0 0 1 0 -1 0 0 0 0 0 1 0 1 0 0 0 0 1 0 0 0 1 0 0 0 0 0 
Plants Genes: 0 0 -1 0 0 0 0 0 0 -1 0 1 1 0 0 0 0 0 0 -1 0 1 1 1 0 0 -1 0 0 0 0 0 0 -1 0 -1 0 0 1 0 1 0 0 0 0 1 0 0 1 0 -1 0 1 0 1 1 0 0 1 0 0 0 0 0 0 2 2 1 0 -1 0 0 0 1 0 0 -1 1 -1 -1 0 0 0 1 0 -1 0 0 0 0 -1 0 0 0 0 0 0 -1 1 0 0 -1 0 -1 0 1 0 1 0 0 0 0 0 0 0 0 1 0 0 0 0 0 1 0 0 -1 
Mice Genes: 1 -1 1 0 0 1 0 0 0 0 0 1 1 0 0 0 0 0 0 0 0 0 0 0 0 0 1 -1 0 0 0 0 0 1 0 0 0 0 0 0 0 0 0 0 0 0 0 0 0 0 0 0 0 0 0 0 0 0 0 0 0 0 0 0 0 0 0 0 -1 0 -1 0 0 1 0 0 0 0 0 0 -1 0 0 -1 0 0 0 0 0 0 0 -1 0 0 0 0 0 0 0 0 0 0 0 0 0 0 0 0 0 0 0 0 0 -1 0 0 -1 1 0 0 0 1 -1 0 0 0 
Cats Genes: 0 0 -1 0 1 -1 -2 0 -1 -1 0 1 0 0 0 0 0 0 0 0 0 0 0 -1 0 1 -1 0 0 0 0 0 1 0 0 0 0 0 0 0 0 0 0 -1 0 0 0 0 0 0 0 0 0 2 0 -1 0 0 0 0 0 0 0 0 1 0 0 1 0 0 0 0 0 0 2 0 0 0 1 0 0 0 0 0 0 -1 0 0 1 0 0 0 0 0 0 1 0 0 0 0 0 1 0 -1 0 0 0 0 0 1 0 1 0 0 0 0 1 0 0 0 1 0 0 0 0 0 
Plants Genes: 0 0 -1 0 0 0 0 0 0 -1 0 1 1 0 0 0 0 0 0 -1 0 1 1 1 0 0 -1 0 0 0 0 0 0 -1 0 -1 0 1 1 0 1 0 0 0 0 1 0 0 1 0 -1 0 0 0 1 1 0 0 1 0 0 0 0 0 0 2 2 1 0 -1 0 0 0 1 0 0 -1 1 -1 -1 0 0 0 1 0 -1 0 0 0 0 -1 0 0 0 0 0 0 -1 1 0 0 -1 0 -1 0 1 0 0 0 0 0 0 0 0 0 0 1 0 0 0 0 0 1 0 0 -1 
Mice Genes: 1 -1 1 0 0 1 0 0 0 0 0 1 1 0 0 0 0 0 0 0 0 0 0 0 0 0 1 -1 0 0 0 0 0 1 0 0 0 0 0 0 0 0 0 1 0 0 0 0 0 0 0 0 0 0 0 0 0 0 0 0 -1 0 0 0 0 0 0 0 -1 0 -1 0 0 1 0 0 0 0 0 0 -1 0 0 -1 0 0 0 0 0 0 0 -1 0 0 0 0 0 0 0 0 0 0 0 0 0 0 0 0 0 0 0 0 0 -1 0 0 -1 1 0 0 0 1 -1 0 0 0 
Cats Genes: 0 0 -1 0 1 -1 -2 0 -1 -1 0 1 0 0 0 0 0 0 0 0 0 0 0 -1 0 1 -1 0 0 0 0 0 1 0 0 0 0 0 0 0 0 0 0 0 0 0 0 0 0 0 0 0 0 2 0 -1 0 0 0 0 0 0 0 0 1 0 0 1 0 0 0 0 0 0 2 0 0 0 1 0 0 0 0 0 0 -1 0 0 1 0 0 0 0 0 0 1 0 0 0 0 0 1 0 -1 0 0 0 0 0 1 0 1 0 0 0 0 1 0 0 0 1 0 0 0 0 0 
Plants Genes: 0 0 -1 0 0 0 0 0 0 -1 0 1 1 0 0 0 0 0 0 -1 0 1 1 1 0 0 -1 0 0 0 0 0 0 -1 0 -1 0 0 1 0 1 0 0 0 0 0 0 0 1 0 -1 0 0 0 1 1 0 0 1 0 0 0 0 0 0 2 2 1 0 -1 0 0 0 1 0 0 -1 1 -1 -1 0 0 0 1 0 -1 0 0 0 0 -1 0 0 0 0 0 0 -1 1 0 0 -1 0 -1 0 1 0 0 0 0 0 0 0 0 0 0 1 0 0 0 0 0 1 0 0 -1 
Mice Genes: 1 -1 1 0 0 1 0 0 0 0 0 1 1 0 0 0 0 0 0 0 0 0 0 0 0 0 1 -1 0 0 0 0 0 1 0 0 0 0 0 0 0 0 0 0 0 0 0 0 0 0 0 0 0 0 0 0 0 0 0 0 -1 0 0 0 0 0 0 0 -1 0 -1 0 0 1 0 0 0 0 0 0 -1 0 0 -1 0 0 0 0 0 0 0 -1 0 0 0 0 0 0 0 0 0 0 0 0 0 0 0 0 0 0 0 0 0 -1 0 0 -1 1 0 0 0 1 -1 0 0 0 
Cats Genes: 0 0 -1 0 1 -1 -2 0 -1 -1 0 1 0 0 0 0 0 0 0 0 0 0 0 -1 0 1 -1 0 0 0 0 0 1 0 0 0 0 0 0 0 0 0 0 -1 0 0 0 0 0 0 0 0 0 2 0 -1 0 0 0 0 0 0 0 0 1 0 0 1 0 0 0 0 0 0 1 0 0 0 1 0 0 0 0 0 0 -1 0 0 1 0 0 0 0 0 0 1 0 0 0 0 0 1 0 -1 0 0 0 0 0 1 0 1 0 0 0 0 1 0 0 0 1 0 0 0 0 0 
Plants Genes: 0 0 -1 0 0 0 0 0 0 -1 0 1 1 0 0 0 0 0 0 -1 0 1 1 1 0 0 -1 0 0 0 0 0 0 0 0 -1 0 0 1 0 1 0 0 0 0 1 0 0 1 0 -1 0 0 0 1 1 0 0 1 0 0 0 0 0 0 2 2 1 0 -1 0 0 0 1 0 0 -1 1 -1 -1 0 0 0 1 0 -1 0 0 0 0 -1 0 0 0 0 0 0 -1 1 0 0 -1 0 -1 0 1 0 0 0 0 0 0 0 0 0 0 1 0 0 0 0 0 1 0 0 -1 
Mice Genes: 1 -1 1 0 0 1 0 0 0 0 0 1 1 0 0 0 0 0 0 0 0 0 0 0 0 0 1 -1 0 0 0 0 0 1 0 0 0 0 0 0 0 0 -1 1 0 0 0 0 0 0 0 0 0 0 0 0 0 0 0 0 -1 0 0 0 0 0 0 0 -1 0 -1 0 0 1 0 0 0 0 0 0 -1 0 0 -1 0 0 0 0 0 0 0 0 0 0 0 0 0 0 0 0 0 0 0 0 0 0 0 0 0 0 0 0 0 -1 0 0 -1 1 0 0 0 1 -1 0 0 0 
Cats Genes: 0 0 -1 0 1 -1 -2 0 -1 -1 0 1 0 0 0 0 0 0 0 0 0 0 0 -1 0 1 -1 0 0 1 0 0 1 0 0 0 0 0 0 0 0 0 0 0 0 0 0 0 0 0 0 0 0 2 0 -1 0 0 0 0 0 0 0 0 1 0 0 1 0 0 0 0 0 0 1 0 0 0 1 0 0 0 0 0 0 -1 0 0 1 0 0 0 0 0 0 1 0 0 0 0 0 1 0 -1 0 0 0 0 0 1 0 1 0 0 0 0 1 1 0 0 1 0 0 0 0 0 
Plants Genes: 0 0 -1 0 0 0 0 0 0 -1 0 1 1 0 0 0 0 0 0 -1 0 1 1 1 0 0 -1 0 0 0 0 0 0 0 0 -1 0 0 1 0 1 0 0 0 0 1 0 0 1 0 -1 0 1 0 1 1 0 0 1 0 0 0 0 0 0 2 2 1 0 -1 0 0 0 1 0 0 -1 1 -1 -1 0 0 0 1 0 -1 0 0 0 0 -1 0 0 0 0 0 0 -1 1 0 0 -1 0 -1 0 1 0 0 0 0 0 0 0 0 0 0 1 0 0 0 0 0 1 0 0 -1 
Mice Genes: 1 -1 1 0 0 1 0 0 0 0 0 1 1 0 0 1 0 0 0 0 0 0 0 0 0 0 1 -1 0 0 0 0 0 1 0 0 0 0 0 0 0 0 -1 1 0 0 0 0 0 0 0 0 0 0 0 0 0 0 0 0 -1 0 0 0 0 0 0 0 -1 0 -1 0 0 1 0 0 0 0 0 0 -1 0 0 -1 0 0 0 0 0 0 0 0 0 0 0 0 0 0 0 0 0 0 0 0 0 0 0 0 0 0 0 0 0 -1 0 0 -1 1 0 0 0 1 -1 0 0 0 
Cats Genes: 0 0 -1 0 1 -1 -2 0 -1 -1 0 1 0 0 0 0 0 0 0 0 0 0 0 -1 0 1 -1 0 0 0 0 0 1 0 0 0 0 0 0 0 0 0 0 0 0 0 0 0 0 0 0 0 0 2 0 -1 0 0 0 0 0 0 0 0 1 0 0 1 0 0 0 0 0 0 1 0 0 0 1 0 0 0 0 0 0 -1 0 0 1 0 0 0 0 0 0 1 0 0 0 0 0 1 0 -1 0 0 0 0 0 1 0 1 0 0 0 0 1 1 0 0 1 0 0 0 0 0 
Plants Genes: 0 0 -1 0 0 0 0 0 0 -1 0 1 1 0 0 0 0 0 0 -1 0 1 1 1 0 0 -1 0 0 0 0 0 0 0 0 -1 0 0 1 0 1 0 0 0 0 1 0 0 1 0 -1 0 0 0 1 1 0 0 1 0 0 0 0 0 0 2 2 1 0 -1 0 0 0 1 0 0 -1 1 -1 -1 0 0 0 1 0 -1 0 0 0 0 -1 0 0 0 0 0 0 -1 1 0 0 -1 0 -1 0 1 0 0 0 0 0 0 0 0 0 0 1 0 0 0 0 0 1 0 0 -1 
Mice Genes: 1 -1 1 0 0 1 0 0 0 0 0 1 1 0 0 1 0 0 0 0 0 0 0 0 0 0 1 -1 0 0 0 0 0 1 0 0 0 0 0 0 0 0 -1 0 0 0 0 0 0 0 0 0 0 0 0 0 0 0 0 0 -1 0 0 0 0 0 0 0 -1 0 -1 0 0 1 0 0 0 0 0 0 -1 0 0 -1 0 0 0 0 0 0 0 -1 0 0 0 0 0 0 0 0 0 0 0 0 0 0 0 0 0 0 0 0 0 -1 0 0 -1 1 0 0 0 1 -1 0 0 0 
Cats Genes: 0 0 -1 0 1 -1 -2 0 -1 -1 0 1 0 0 0 0 0 0 0 0 0 0 0 -1 0 1 -1 0 0 0 0 0 1 0 0 0 0 0 0 0 0 0 0 0 0 0 0 0 0 0 0 0 0 2 0 -1 0 0 0 0 0 0 0 0 1 0 0 1 0 0 0 0 0 0 1 0 0 0 1 0 0 0 0 0 0 -1 0 0 1 0 0 0 0 0 0 1 0 0 0 0 0 1 0 -1 0 0 0 0 0 1 0 1 0 0 0 0 1 1 0 0 1 0 0 0 0 0 
Plants Genes: 0 0 -1 0 0 0 0 0 0 -1 0 1 1 0 0 0 0 0 0 -1 0 1 1 1 0 0 -1 0 0 0 0 0 0 0 0 -1 0 0 1 0 1 0 0 0 0 1 0 0 1 0 -1 0 0 0 1 1 0 0 1 0 0 0 0 0 0 2 2 1 0 -1 0 0 0 1 0 0 -1 1 -1 -1 0 0 0 1 0 -1 0 0 0 0 -1 0 0 0 0 0 0 -1 1 0 0 -1 0 -1 0 1 0 0 0 0 0 0 0 0 0 0 1 0 0 0 0 0 1 0 0 -1 
Mice Genes: 1 -1 1 0 0 1 0 0 0 0 0 1 1 0 0 0 0 0 0 0 0 0 0 0 0 0 1 -1 0 0 0 0 0 1 0 0 0 0 0 0 0 0 -1 0 0 0 0 0 0 0 0 0 0 0 0 0 0 0 0 0 0 0 0 0 0 0 0 0 -1 0 -1 0 0 1 0 0 0 0 0 0 -1 0 0 -1 0 0 0 0 0 0 0 -1 0 0 0 0 0 0 0 0 0 0 0 0 0 0 0 0 0 0 0 0 0 -1 0 0 -1 1 0 0 0 1 -1 0 0 0 
Cats Genes: 0 0 -1 0 1 -1 -2 0 -1 -1 0 1 0 0 0 0 0 0 0 0 0 0 0 -1 0 1 -1 0 0 0 0 0 1 0 0 0 0 0 0 0 0 0 0 0 0 0 0 0 0 0 0 0 0 2 0 -1 0 0 0 0 0 0 0 0 1 0 0 1 0 0 0 0 0 0 1 0 0 0 1 0 0 0 0 0 0 -1 0 0 1 0 0 0 0 0 0 1 0 0 0 0 0 1 0 -1 0 0 0 0 0 1 0 1 0 0 0 0 1 0 0 0 1 0 0 0 0 0 
Plants Genes: 0 0 -1 0 0 0 0 0 0 -1 0 1 1 0 0 0 0 0 0 -1 0 1 1 1 0 0 -1 0 0 0 0 0 0 0 0 -1 0 0 1 0 1 0 0 0 0 1 0 0 1 0 -1 0 1 0 1 1 0 0 1 0 0 0 0 0 0 2 2 1 0 -1 0 0 0 1 0 0 -1 1 -1 -1 0 0 0 1 0 -1 0 0 0 0 -1 0 0 0 0 0 0 -1 1 0 0 -1 0 -1 0 1 0 0 0 0 0 0 0 0 0 0 1 0 0 0 0 0 1 0 0 -1 
Mice Genes: 1 -1 1 0 0 1 0 0 0 0 0 1 1 0 0 0 0 0 0 0 0 0 0 0 0 0 1 -1 0 0 0 0 0 1 0 0 0 0 0 0 0 0 0 0 0 0 0 0 0 0 0 0 0 0 0 0 0 0 0 0 -1 0 0 0 0 0 0 0 -1 0 -1 0 0 1 0 0 0 0 0 0 -1 0 0 -1 0 0 0 0 0 0 0 -1 0 0 0 0 0 0 0 0 0 0 0 0 0 0 0 0 0 0 0 0 0 -1 0 0 -1 1 1 0 0 1 -1 0 0 0 
Cats Genes: 0 0 -1 0 1 -1 -2 0 -1 -1 0 1 0 0 0 0 0 0 0 0 0 0 0 -1 0 1 -1 0 0 0 0 0 1 0 0 0 0 0 0 0 0 0 0 0 0 0 0 0 0 0 0 0 0 2 0 -1 0 0 0 0 0 0 0 0 1 0 0 1 0 0 0 0 0 0 1 0 0 0 1 0 0 0 0 0 0 -1 0 0 1 0 0 0 0 0 0 1 0 0 0 0 0 1 0 -1 0 0 0 0 0 1 0 1 0 0 0 0 1 0 0 0 1 0 0 0 0 0 
Plants Genes: 0 0 -1 0 0 0 0 0 0 -1 0 1 1 0 0 0 0 0 0 -1 0 1 1 1 0 0 -1 0 0 0 0 0 0 -1 0 -1 0 0 1 0 1 0 0 0 0 1 0 0 1 0 -1 0 1 0 1 1 0 0 1 0 0 0 0 0 0 2 2 1 0 -1 0 0 0 1 0 0 -1 1 -1 -1 0 0 0 1 0 -1 0 0 0 0 -1 0 0 0 0 0 0 -1 1 0 0 -1 0 -1 0 1 0 0 0 0 0 0 0 0 0 0 1 0 0 0 0 0 1 0 0 -1 
Mice Genes: 1 -1 1 0 0 1 0 0 0 0 0 1 1 0 0 0 0 0 0 0 0 0 0 0 0 0 1 -1 0 0 0 0 0 1 0 0 0 0 0 0 0 0 0 0 0 -1 0 0 0 0 0 0 0 0 0 0 0 0 0 0 0 0 0 0 0 0 0 0 -1 0 -1 0 0 1 0 0 0 0 0 0 -1 0 0 -1 0 0 0 0 0 0 0 -1 0 0 0 0 0 0 0 0 0 0 0 0 0 0 0 0 0 0 0 0 0 -1 0 0 -1 1 1 0 0 1 -1 0 0 0 
Cats Genes: 0 0 -1 0 1 -1 -2 0 -1 -1 0 1 0 0 0 0 0 0 0 0 0 0 0 -1 0 1 -1 0 0 1 0 0 1 0 0 0 0 0 0 0 0 0 0 0 0 0 0 0 0 0 0 0 0 2 0 -1 0 0 0 0 0 0 0 0 1 0 0 1 0 0 0 0 0 0 1 0 0 0 1 0 0 0 0 0 0 -1 0 0 1 0 0 0 0 0 0 1 0 0 0 0 0 1 0 -1 0 0 0 0 0 1 0 1 0 0 0 0 1 0 0 0 1 0 0 0 0 0 
Plants Genes: 0 0 -1 0 0 0 0 0 0 -1 0 1 1 0 0 0 0 0 0 -1 0 1 1 1 0 0 -1 0 0 0 0 0 0 -1 0 -1 0 0 1 0 1 0 0 0 0 1 0 0 1 0 -1 0 0 0 1 1 0 0 1 0 0 0 0 0 0 2 2 1 0 -1 0 0 0 1 0 0 -1 1 -1 -1 0 0 0 1 0 -1 0 0 0 0 -1 0 0 0 0 0 0 -1 1 0 0 -1 0 -1 0 1 0 0 0 0 0 0 0 0 0 0 1 0 0 0 0 0 1 0 0 -1 
Mice Genes: 1 0 1 0 0 1 0 0 0 0 0 1 1 0 0 0 0 0 0 0 0 0 0 0 0 0 1 -1 0 0 0 0 0 1 0 0 0 0 0 0 0 0 0 0 0 0 0 0 0 0 0 0 0 0 0 0 0 0 0 0 0 0 0 0 0 0 0 0 -1 0 -1 0 0 1 0 0 0 0 0 0 -1 0 0 -1 0 0 0 0 0 0 0 0 0 0 0 0 0 0 0 0 0 0 0 0 0 0 0 0 0 0 0 0 0 -1 0 0 -1 1 0 0 0 1 -1 0 0 0 
Cats Genes: 0 0 -1 0 1 -2 -2 0 -1 -1 0 1 0 0 0 0 0 0 0 0 0 0 0 -1 0 1 -1 0 0 1 0 0 1 0 0 0 0 0 0 0 0 0 0 -1 0 0 0 0 0 0 0 0 0 2 0 -1 0 0 0 0 0 0 0 0 1 0 0 1 0 0 0 0 0 0 1 0 0 0 1 0 0 0 0 0 0 -1 0 0 1 0 0 0 0 0 0 1 0 0 0 0 0 1 0 -1 0 0 0 0 0 1 0 1 0 0 0 0 1 0 0 0 1 0 0 0 0 0 
Plants Genes: 0 0 -1 0 0 0 0 0 0 -1 0 1 1 0 0 0 0 0 0 -1 0 1 1 1 0 0 -1 0 0 0 0 0 0 -1 0 -1 0 0 1 0 1 0 0 0 0 1 0 0 1 0 -1 0 1 0 1 1 0 0 1 0 0 0 0 0 0 2 2 1 0 -1 0 0 0 1 0 0 -1 1 -1 -1 0 0 0 1 0 -1 0 0 0 0 -1 0 0 0 0 0 0 -1 1 0 0 -1 0 -1 0 1 0 0 0 0 0 0 0 0 0 0 1 0 0 0 0 0 1 0 0 -1 
Mice Genes: 1 -1 1 0 0 1 0 0 0 0 0 1 1 0 0 0 0 0 0 0 0 0 0 0 0 0 1 -1 0 0 0 0 0 1 0 0 0 0 0 0 0 0 0 0 0 0 0 0 0 0 0 0 0 0 0 0 0 0 0 0 -1 0 0 0 0 0 0 0 -1 0 -1 0 0 1 0 0 0 0 0 0 -1 0 0 -1 0 0 0 0 0 0 0 0 0 0 0 0 0 0 0 0 0 0 0 0 0 0 0 0 0 0 -1 0 0 -1 0 0 -1 1 0 0 0 1 -1 0 0 0 
Cats Genes: 0 0 -1 0 1 -1 -2 0 -1 -1 0 1 0 0 0 0 0 0 0 0 0 0 0 -1 0 1 -1 0 0 0 0 0 1 0 0 0 0 0 0 0 0 0 0 0 0 0 0 0 0 0 0 0 0 2 0 -1 0 0 0 0 0 0 0 0 1 0 0 1 0 0 0 0 0 0 1 0 0 0 1 0 0 0 0 0 0 -1 0 0 1 0 0 0 0 0 0 1 0 0 0 0 0 1 0 -1 0 0 0 0 0 1 0 1 0 0 0 0 1 0 0 0 1 0 0 0 0 0 
Plants Genes: 0 0 -1 0 0 0 0 0 0 -1 0 1 1 0 0 0 0 0 0 -1 0 1 1 1 0 0 -1 0 0 0 0 0 0 0 0 -1 0 0 1 0 1 0 0 0 0 1 0 0 1 0 -1 0 0 0 1 1 0 0 1 0 0 0 0 0 0 2 2 1 0 -1 0 0 0 1 0 0 -1 1 -1 -1 0 0 0 1 0 -1 0 0 0 0 -1 0 0 0 0 0 0 -1 1 0 0 -1 0 -1 0 1 0 0 0 0 0 0 0 0 0 0 1 0 0 0 0 0 1 0 0 -1 
Mice Genes: 1 -1 1 0 0 1 0 0 0 0 0 1 1 0 0 0 0 0 0 0 0 0 0 0 0 0 1 -1 0 0 0 0 0 1 0 0 0 0 0 0 0 0 0 0 0 0 0 0 0 0 0 0 0 0 0 0 0 0 0 0 0 0 0 0 0 0 0 0 -1 0 -1 0 0 1 0 0 0 0 0 0 -1 0 0 -1 0 0 0 0 0 0 0 -1 0 0 0 0 0 0 0 0 0 0 0 0 0 0 0 0 0 0 0 0 0 -1 0 0 -1 1 1 0 0 1 -1 0 0 0 
Cats Genes: 0 0 -1 0 1 -1 -2 0 -1 -1 0 1 0 0 0 0 0 0 0 0 0 0 0 -1 0 1 -1 0 0 1 0 0 1 0 0 0 0 0 0 0 0 0 0 -1 0 0 0 0 0 0 0 0 0 2 0 -1 0 0 0 0 0 0 0 0 1 0 0 1 0 0 0 0 0 0 1 0 0 0 1 0 0 0 0 0 0 -1 0 0 1 0 0 0 0 0 0 1 0 0 0 0 0 1 0 -1 0 0 0 0 0 1 0 2 0 0 0 0 1 0 0 0 1 0 0 0 0 0 
Plants Genes: 0 0 -1 0 0 0 0 0 0 -1 0 1 1 0 0 0 0 0 0 -1 0 1 1 1 0 0 -1 0 0 0 0 0 0 0 0 -1 0 0 1 0 1 0 0 0 0 1 0 0 1 0 -1 0 0 0 1 1 0 0 1 0 0 0 0 0 0 2 2 1 0 -1 0 0 0 1 0 0 -1 1 -1 -1 0 0 0 1 0 -1 0 0 0 0 -1 0 0 0 0 0 0 -1 1 0 0 -1 0 -1 0 1 0 0 0 0 0 0 0 0 0 0 1 0 0 0 0 0 1 0 0 -1 
Mice Genes: 1 -1 1 0 0 1 0 0 0 0 0 1 1 0 0 0 0 0 0 0 0 0 0 0 0 0 1 -1 0 0 0 0 0 1 0 0 0 0 0 0 0 0 -1 0 0 0 0 0 0 0 0 0 0 0 0 0 0 0 0 0 -1 0 0 0 0 0 0 0 -1 0 -1 0 0 1 0 0 0 0 0 0 -1 0 0 -1 0 0 0 0 0 0 0 -1 0 0 0 0 0 0 0 0 0 0 0 0 0 0 0 0 0 0 0 0 0 -1 0 0 -1 1 1 0 0 1 -1 0 0 0 
Cats Genes: 0 0 -1 0 1 -1 -2 0 -1 -1 0 1 0 0 0 0 0 0 0 0 0 0 0 -1 0 1 -1 0 0 1 0 0 1 0 0 0 0 0 0 0 0 0 0 -1 0 0 0 0 0 0 0 0 0 2 0 -1 0 0 0 0 0 0 0 0 1 0 0 1 0 0 0 0 1 0 1 0 0 0 1 0 0 0 0 0 0 -1 0 0 1 0 0 0 0 0 0 1 0 0 0 0 0 1 0 -1 0 0 0 0 0 1 0 1 0 0 0 0 1 0 0 0 1 0 0 0 0 0 
Plants Genes: 0 0 -1 0 0 0 0 0 0 -1 0 1 1 0 0 0 0 0 0 -1 0 1 1 1 0 0 -1 0 0 0 0 0 0 -1 0 -1 0 0 1 0 1 0 0 0 0 1 0 0 1 0 -1 0 0 0 1 1 0 0 1 0 0 0 0 0 0 2 2 1 0 -1 0 0 0 1 0 0 -1 1 -1 -1 0 0 0 1 0 -1 0 0 0 0 -1 0 0 0 0 0 0 -1 1 0 0 -1 0 -1 0 1 0 0 0 0 0 0 0 0 0 0 1 0 0 0 0 0 1 0 0 -1 
Mice Genes: 1 -1 1 0 0 1 0 0 0 0 0 1 1 0 0 0 0 0 0 0 0 0 0 0 0 0 1 -1 0 0 0 0 0 1 0 0 0 0 0 0 0 0 0 0 0 0 0 0 0 0 0 0 0 0 0 0 0 0 0 0 -1 0 0 0 0 0 0 0 -1 0 -1 0 0 1 0 0 0 0 0 0 -1 0 0 -1 0 0 0 0 0 0 0 -1 0 0 0 0 0 0 0 0 0 0 1 0 0 0 0 0 0 0 0 0 0 -1 0 0 -1 1 0 0 0 1 -1 0 0 0 
Cats Genes: 0 0 -1 0 1 -1 -2 0 0 -1 0 1 0 0 0 0 0 0 0 0 0 0 0 -1 0 1 -1 0 0 1 0 0 1 0 0 0 0 0 0 0 0 0 0 -1 0 0 0 0 0 0 0 0 0 2 0 -1 0 0 0 0 0 0 0 0 1 0 0 1 0 0 0 0 0 0 1 0 0 0 1 0 0 0 0 0 0 -1 0 0 1 0 0 0 0 0 0 1 0 0 0 0 0 1 0 -1 0 0 0 0 0 1 0 1 0 0 0 0 1 0 0 0 1 0 0 0 0 0 
Plants Genes: 0 0 -1 0 0 0 0 0 0 -1 0 1 1 0 0 0 0 0 0 -1 0 1 1 1 0 0 -1 0 0 0 0 0 0 -1 0 -1 0 0 1 0 1 0 0 0 0 1 0 0 1 0 -1 0 0 0 1 1 0 0 1 0 0 0 0 0 0 2 2 1 0 -1 0 0 0 1 0 0 -1 1 -1 -1 0 0 0 1 0 -1 0 0 0 0 -1 0 0 0 0 0 0 -1 1 0 0 -1 0 -1 0 1 0 0 0 0 0 0 0 0 0 0 1 0 0 0 0 0 1 0 0 -1 
Mice Genes: 1 -1 1 0 0 1 0 0 0 0 0 1 1 0 0 0 0 0 0 0 0 0 0 0 0 0 1 -1 0 0 0 0 0 1 0 0 0 0 0 0 0 0 0 0 0 0 0 0 0 0 0 0 0 0 0 0 0 0 0 0 0 0 0 0 0 0 0 0 -1 0 -1 0 0 1 0 0 0 0 0 0 -1 0 0 -1 0 0 0 0 0 0 0 -1 0 0 0 0 0 0 0 0 0 0 1 0 0 0 0 0 0 0 0 0 0 -1 0 0 -1 1 0 0 0 1 -1 0 0 0 
Cats Genes: 0 0 -1 0 1 -1 -2 0 -1 -1 0 1 0 0 0 0 0 0 0 0 0 0 0 -1 0 1 -1 0 0 1 0 0 1 0 0 0 0 0 0 0 0 0 0 -1 0 0 0 0 0 0 0 0 0 2 0 -1 0 0 0 0 0 0 0 0 1 0 0 1 0 0 0 0 0 0 1 0 0 0 1 0 0 0 0 0 0 -1 0 0 1 0 0 0 0 0 0 1 0 0 0 0 0 1 0 -1 0 0 0 0 0 1 0 2 0 0 0 0 1 0 0 0 1 0 0 0 0 0 
Plants Genes: 0 0 -1 0 0 0 0 0 0 -1 0 1 1 0 0 0 0 0 0 -1 0 1 1 1 0 0 -1 0 0 0 0 0 0 0 0 -1 0 0 1 0 1 0 0 0 0 1 0 0 1 0 -1 0 0 0 1 1 0 0 1 0 0 0 0 0 0 2 2 1 0 -1 0 0 0 1 0 0 -1 1 -1 -1 0 0 0 1 0 -1 0 0 0 0 -1 0 0 0 0 0 0 -1 1 0 0 -1 0 -1 0 1 0 0 0 0 0 0 0 0 0 0 1 0 0 0 0 0 1 0 0 -1 
Mice Genes: 1 -1 1 0 0 1 0 0 0 0 0 1 1 0 0 0 0 0 0 0 0 0 0 0 0 0 1 -1 0 0 0 0 0 1 0 0 0 0 0 0 0 0 0 0 0 0 0 0 0 0 0 0 0 0 0 0 0 0 0 0 0 0 0 0 0 0 0 0 -1 0 -1 0 0 0 0 0 0 0 0 0 -1 0 0 -1 0 0 0 0 0 0 0 0 0 0 0 0 0 0 0 0 0 0 1 0 0 0 0 0 0 0 0 0 0 -1 0 0 -1 1 0 0 0 1 -1 0 0 0 
Cats Genes: 0 0 -1 0 1 -1 -2 0 -1 -1 0 1 0 0 0 0 0 0 0 0 0 0 0 -1 0 1 -1 0 0 1 0 0 1 0 0 0 0 0 0 0 0 0 0 0 0 0 0 0 0 0 0 0 0 2 0 -1 0 0 0 0 0 0 0 0 1 0 0 1 0 0 0 0 0 0 2 0 0 0 1 0 0 0 0 0 0 -1 0 0 1 0 0 0 0 0 0 1 0 0 0 0 0 1 0 -1 0 0 0 0 0 1 0 1 0 0 0 0 1 1 0 0 1 0 0 0 0 0 
Plants Genes: 0 1 -1 0 0 0 0 0 0 -1 0 1 1 0 0 0 0 0 0 -1 0 1 1 1 0 0 -1 0 0 0 0 0 0 0 0 -1 0 0 1 0 1 0 0 0 0 1 0 0 1 0 -1 0 0 0 1 1 0 0 1 0 0 0 0 0 0 2 2 1 0 -1 0 0 0 1 0 0 -1 1 -1 -1 0 0 0 1 0 -1 0 0 0 0 -1 0 0 0 0 0 0 -1 1 0 0 -1 0 -1 0 1 0 0 0 0 0 0 0 0 0 0 1 0 0 0 0 0 1 0 0 -1 
Mice Genes: 1 -1 1 0 0 1 0 0 0 0 0 1 1 0 0 0 0 0 0 0 0 0 0 0 0 0 1 -1 0 0 0 0 0 1 0 0 0 0 0 0 0 0 0 1 0 0 0 0 0 0 0 0 0 0 0 0 0 0 0 0 0 0 0 0 0 0 0 0 -1 0 -1 0 0 0 0 0 0 0 0 0 -1 0 0 -1 0 0 0 0 0 0 0 0 0 0 0 0 0 0 0 0 0 0 1 0 0 0 0 0 0 0 0 0 0 -1 0 0 -1 1 0 0 0 1 -1 0 0 0 
Cats Genes: 0 0 -1 0 1 -1 -2 0 -1 -1 0 1 0 0 0 0 -1 0 0 0 0 0 0 -1 0 1 -1 0 0 1 0 0 1 0 0 0 0 0 0 0 0 0 0 0 0 0 0 0 0 0 0 0 0 2 0 -1 0 0 0 0 0 0 0 0 1 0 0 1 0 0 0 0 0 0 1 0 0 0 1 0 0 0 0 0 0 -1 0 0 1 0 0 0 0 0 0 1 0 0 0 0 0 1 0 -1 0 0 0 0 0 1 0 1 0 0 0 0 1 0 0 0 1 0 0 0 0 0 
Plants Genes: 0 0 -1 0 0 0 0 0 0 -1 0 1 1 0 0 0 0 0 0 -1 0 1 1 1 0 0 -1 0 0 0 0 0 0 -1 0 -1 0 0 1 0 1 0 0 0 0 1 0 0 1 0 -1 0 0 0 1 1 0 0 1 0 0 0 0 0 0 2 2 1 0 -1 0 0 0 1 0 0 -1 1 -1 -1 0 0 0 1 0 -1 0 0 0 0 -1 0 0 0 0 0 0 -1 1 0 0 -1 0 -1 0 0 0 0 0 0 0 0 0 0 0 0 1 0 0 0 0 0 1 0 0 -1 
Mice Genes: 1 -1 1 0 0 1 0 0 0 0 0 1 1 0 0 0 0 0 0 0 0 0 0 0 0 0 1 -1 0 0 0 0 0 1 0 0 0 0 0 0 0 0 0 1 0 0 0 0 0 0 0 0 0 0 0 0 0 0 0 0 0 0 0 0 0 0 0 0 -1 0 -1 0 0 0 0 0 0 0 0 0 -1 0 0 -1 0 0 0 0 0 0 0 0 0 0 0 0 0 0 0 0 0 0 1 0 0 0 0 0 0 0 0 0 0 -1 0 0 -1 1 0 0 0 1 -1 0 0 0 
Cats Genes: 0 0 -1 0 1 -1 -2 0 -1 -1 0 1 0 0 0 0 -1 0 0 0 0 0 0 -1 0 1 -1 0 0 0 0 0 1 0 0 0 0 0 0 0 0 0 0 0 0 0 0 0 0 0 0 0 0 2 0 -1 0 0 0 0 0 0 0 0 1 0 0 1 0 0 0 0 0 0 2 0 0 0 1 0 0 0 0 0 0 -1 0 0 1 0 0 0 0 0 0 1 0 0 0 0 0 1 0 -1 0 0 0 0 0 1 0 1 0 0 0 0 1 1 0 0 1 0 0 0 0 0 
Plants Genes: 0 0 -1 0 0 0 0 0 0 -1 0 1 1 0 0 0 0 0 0 -1 0 1 1 1 0 0 -1 0 0 0 0 0 0 -1 0 -1 0 0 1 0 1 0 0 0 0 1 0 0 1 0 -1 0 0 0 1 1 0 0 1 0 0 0 0 0 0 2 2 1 0 -1 0 0 0 1 0 0 -1 1 -1 -1 0 0 0 1 0 -1 0 0 0 0 -1 0 0 0 0 0 0 -1 1 0 0 -1 0 -1 0 1 0 0 0 0 0 0 0 0 0 0 1 0 0 0 0 0 1 0 0 -1 
Mice Genes: 1 -1 1 0 0 1 0 0 0 0 0 1 1 0 0 0 0 0 0 0 0 0 0 0 0 0 1 0 0 0 0 0 0 1 0 0 0 0 0 0 0 0 0 0 0 0 0 0 0 0 0 0 0 0 0 0 0 0 0 0 0 0 0 0 0 0 0 0 -1 0 -1 0 0 0 0 0 0 0 0 0 -1 0 0 -1 0 0 0 0 0 0 0 0 0 0 0 0 0 0 0 0 0 0 1 0 0 0 0 0 0 0 0 0 0 -1 0 0 -1 1 0 0 0 1 -1 0 0 0 
Cats Genes: 0 0 -1 0 1 -1 -2 0 -1 -1 0 1 0 0 0 0 0 0 0 0 0 0 0 -1 0 1 -1 0 0 1 0 0 1 0 0 0 0 0 0 0 0 0 0 0 0 0 0 0 0 0 0 0 0 2 0 -1 0 0 0 0 0 0 0 0 1 0 0 1 0 0 0 0 0 0 1 0 0 0 1 0 0 0 0 0 0 -1 0 0 1 0 0 0 0 0 0 1 0 0 0 0 0 1 0 -1 0 0 0 0 0 1 0 1 0 0 0 0 1 1 0 0 1 0 0 0 0 0 
Plants Genes: 0 0 -1 0 0 0 0 0 0 -1 0 1 1 -1 0 0 0 0 0 -1 0 1 1 1 0 0 -1 0 0 0 0 0 0 -1 0 -1 0 0 1 0 1 0 0 0 0 1 0 0 1 0 -1 0 0 0 1 1 0 0 1 0 0 0 0 0 0 2 2 1 0 -1 0 0 0 1 0 0 -1 1 -1 -1 0 0 0 1 0 -1 0 0 0 0 -1 0 0 0 0 0 0 -1 1 0 0 -1 0 -1 0 1 0 0 0 0 0 0 0 0 0 0 1 0 0 0 0 0 1 0 0 -1 
Mice Genes: 1 -1 1 0 0 1 0 0 0 0 0 1 1 0 0 0 0 0 0 0 0 0 0 0 0 0 1 -1 0 0 0 0 -1 1 0 0 0 0 0 0 0 0 0 0 0 0 0 0 0 0 0 0 0 0 0 0 -1 0 0 0 -1 0 0 0 0 0 0 0 -1 0 -1 0 0 1 0 0 0 0 0 0 -1 0 0 -1 0 0 0 0 0 0 0 -1 0 0 0 0 0 0 0 0 0 0 0 0 0 0 0 0 0 0 0 0 0 -1 0 0 -1 1 0 0 0 1 -1 0 0 0 
Cats Genes: 0 0 -1 0 1 -1 -2 0 -1 -1 0 1 0 0 0 0 0 0 0 0 0 0 0 -1 0 1 -1 0 0 0 0 0 1 0 0 0 0 0 0 0 0 0 0 -1 0 0 0 0 0 0 0 0 0 2 0 -1 0 0 0 0 0 0 0 0 1 0 0 1 0 0 0 0 0 0 2 0 0 0 1 0 0 0 0 0 0 -1 0 0 1 0 0 0 0 0 0 1 0 0 0 0 0 1 0 -1 0 0 0 0 0 1 0 1 0 0 0 0 1 1 0 0 1 0 0 0 0 0 
Plants Genes: 0 0 -1 0 0 0 0 0 0 -1 0 1 1 0 0 0 0 0 0 -1 0 1 1 1 0 0 -1 0 0 0 0 0 0 -1 0 -1 0 0 1 0 1 0 0 0 0 1 0 0 1 0 -1 0 0 0 1 1 0 0 1 0 0 0 0 0 0 2 2 1 0 -1 0 0 0 1 0 0 -1 1 -1 -1 0 0 0 1 0 -1 0 0 0 0 -1 0 0 0 0 0 0 -1 1 0 0 -1 0 -1 0 1 0 0 0 0 0 0 0 0 0 0 1 0 0 0 0 0 1 0 0 -1 
Mice Genes: 1 -1 1 0 0 1 0 0 0 0 0 1 1 0 0 0 0 0 0 0 0 0 0 0 0 0 1 -1 0 0 0 0 -1 1 0 0 0 0 0 0 0 0 0 0 0 0 0 0 0 0 0 0 0 0 0 0 -1 0 0 0 0 0 0 0 0 0 0 0 -1 0 -1 0 0 1 0 0 0 0 0 0 -1 0 0 -1 0 0 0 0 0 0 0 -1 0 0 0 0 0 0 0 0 0 0 0 0 0 0 0 0 0 0 0 0 0 -1 0 0 -1 1 0 0 0 1 -1 0 0 0 
Cats Genes: 0 0 -1 0 1 -1 -2 0 -1 -1 0 1 0 0 0 0 0 0 0 0 0 0 0 -1 0 1 -1 0 0 0 0 0 1 0 0 0 0 0 0 0 0 0 0 -1 0 0 0 0 0 0 0 0 0 2 0 -1 0 0 0 0 0 0 0 0 1 0 0 1 0 0 0 0 0 0 2 0 0 0 1 0 0 0 0 0 0 -1 0 0 1 0 0 0 0 0 0 1 0 0 0 0 0 1 0 -1 0 0 0 0 0 1 0 1 0 0 0 0 1 0 0 0 1 0 0 0 0 0 
Plants Genes: 0 0 -1 0 0 0 0 0 0 -1 0 1 1 0 0 0 0 0 0 -1 0 1 1 1 0 0 -1 0 0 0 0 0 0 -1 0 -1 0 0 1 0 1 0 0 0 0 1 0 0 1 0 -1 0 0 0 1 1 0 0 1 0 0 0 0 0 0 2 2 1 0 -1 0 0 0 1 0 0 -1 1 -1 -1 0 0 0 1 0 -1 0 0 0 0 -1 0 0 0 0 0 0 -1 1 0 0 -1 0 -1 0 1 0 0 0 0 0 0 0 0 0 0 1 0 0 0 0 0 1 0 0 -1 
Mice Genes: 1 -1 1 0 0 1 0 0 0 0 0 1 1 0 0 0 0 0 0 0 0 0 0 0 0 0 1 -1 0 0 0 0 -1 1 0 0 0 0 0 0 0 0 0 0 0 0 0 0 0 0 0 0 0 0 0 0 0 0 0 0 0 0 0 0 0 0 0 0 -1 0 -1 0 0 1 0 0 0 0 0 0 -1 0 0 -1 0 0 0 0 0 0 0 -1 0 0 0 0 0 0 0 0 0 0 0 0 0 0 0 0 0 0 0 0 0 -1 0 0 -1 1 0 0 0 1 -1 0 0 0 
Cats Genes: 0 0 -1 0 1 -1 -2 0 -1 -1 0 1 0 0 0 0 0 0 0 0 0 0 0 -1 0 1 -1 0 0 0 0 0 1 0 0 0 0 0 0 0 0 0 0 -1 0 0 0 0 0 0 0 0 0 2 0 -1 0 0 0 0 0 0 0 0 1 0 0 1 0 0 0 0 0 0 1 0 0 0 1 0 0 0 0 0 0 -1 0 0 1 0 0 0 0 0 0 1 0 0 0 0 0 1 0 -1 0 0 0 0 0 1 0 1 0 0 0 0 1 1 0 0 1 0 0 0 0 0 
Plants Genes: 0 0 -1 0 0 0 0 0 0 -1 0 1 1 0 0 0 0 0 0 -1 0 1 1 1 0 0 -1 0 0 0 0 0 0 0 0 -1 0 0 1 0 1 0 0 0 0 1 0 0 1 0 -1 0 0 0 1 1 0 0 1 0 0 0 0 0 0 2 2 1 0 -1 0 0 0 1 0 0 -1 1 -1 -1 0 0 0 1 0 -1 0 0 0 0 -1 0 0 0 0 0 0 -1 1 0 0 -1 0 -1 0 1 0 0 0 0 0 0 0 0 0 0 1 0 0 0 0 0 1 0 0 -1 
Mice Genes: 1 -1 1 0 0 1 0 0 0 0 0 1 1 0 0 0 0 0 0 0 0 0 0 0 0 0 1 -1 0 0 0 0 -1 1 0 0 0 0 0 0 0 0 0 0 0 0 0 0 0 0 0 0 0 0 0 0 -1 0 0 0 0 0 0 0 0 0 0 0 -1 0 -1 0 0 1 0 0 0 0 0 0 -1 0 0 -1 0 0 0 0 0 0 0 -1 0 0 0 0 0 0 0 0 0 0 0 0 0 0 0 0 0 0 0 0 0 -1 0 0 -1 1 0 0 0 1 -1 0 0 0 
Cats Genes: 0 0 -1 0 1 -1 -2 0 -1 -1 0 1 0 0 0 0 0 0 0 0 0 0 0 -1 0 1 -1 0 0 0 0 0 1 0 0 0 0 0 0 0 0 0 0 -1 0 0 0 0 0 0 0 0 0 2 0 -1 0 0 0 0 0 0 0 0 1 0 0 1 0 0 0 0 0 0 1 0 0 0 1 0 0 0 0 0 0 -1 0 0 1 0 0 0 0 0 0 1 0 0 0 0 0 1 0 -1 0 0 0 0 0 1 0 1 0 0 0 0 1 0 0 0 1 0 0 0 0 0 
Plants Genes: 0 0 -1 0 0 0 0 0 0 -1 0 1 1 0 0 0 0 0 0 -1 0 1 1 1 0 0 -1 0 0 0 0 0 0 0 0 -1 0 0 1 0 1 0 0 0 0 1 0 0 1 0 -1 0 1 0 1 1 0 0 1 0 0 0 0 0 0 2 2 1 0 -1 0 0 0 1 0 0 -1 1 -1 -1 0 0 0 1 0 -1 0 0 0 0 -1 0 0 0 0 0 0 -1 1 0 0 -1 0 -1 0 1 0 0 0 0 0 0 0 0 0 0 1 0 0 0 0 0 1 0 0 -1 
Mice Genes: 1 -1 1 0 0 1 0 0 0 0 0 1 1 0 0 0 0 0 0 0 0 0 0 0 0 0 1 -1 0 0 0 0 0 1 0 0 0 0 0 0 0 0 0 0 0 0 0 0 0 0 0 0 0 0 0 0 0 0 0 0 -1 0 0 0 0 0 0 0 -1 0 -1 0 0 1 0 0 0 0 0 0 -1 0 0 -1 0 0 0 0 0 0 0 0 0 0 0 0 0 0 0 0 0 0 0 0 0 0 0 0 0 0 0 0 0 -1 0 0 -1 1 0 0 0 1 -1 0 0 0 
Cats Genes: 0 0 -1 0 1 -1 -2 0 -1 -1 0 1 0 0 0 0 0 0 0 0 0 0 0 -1 0 1 -1 0 0 0 0 0 1 0 0 0 0 0 0 0 0 0 0 -1 0 0 0 0 0 0 0 0 0 1 0 -1 0 0 0 0 0 0 0 0 1 0 0 1 0 0 0 0 0 0 1 0 0 0 1 0 0 0 0 0 0 -1 0 0 1 0 0 0 0 0 0 1 0 0 0 0 0 1 0 -1 0 0 0 0 0 1 0 1 0 0 0 0 1 0 0 0 1 0 0 0 0 0 
Plants Genes: 0 0 -1 0 0 0 0 0 0 -1 0 1 1 0 0 0 0 0 0 -1 0 1 1 1 0 0 -1 0 0 0 0 0 0 0 0 -1 0 0 1 0 1 0 0 0 0 1 0 0 1 0 -1 0 1 0 1 1 0 0 1 0 0 0 0 0 0 2 2 1 0 -1 0 0 0 1 0 0 -1 1 -1 -1 0 0 0 1 0 -1 0 0 0 0 -1 0 0 0 0 0 0 -1 1 0 0 -1 0 -1 0 1 0 0 0 0 0 0 0 0 0 0 1 0 0 0 0 0 1 0 0 -1 
Mice Genes: 1 0 1 0 0 1 0 0 0 0 0 1 1 0 0 0 0 0 0 0 0 0 0 0 0 0 1 -1 0 0 0 0 0 1 0 0 0 0 0 0 0 0 0 0 0 0 0 0 0 0 0 0 0 0 0 0 0 0 0 0 -1 0 0 0 0 0 0 0 -1 0 -1 0 0 1 0 0 0 0 0 0 -1 0 0 -1 0 0 0 0 0 0 0 0 0 0 0 0 0 0 0 0 0 0 1 0 0 0 0 0 0 0 0 0 0 -1 0 0 -1 1 0 0 0 1 -1 0 0 0 
Cats Genes: 0 0 -1 0 1 -1 -2 0 -1 -1 0 1 0 0 0 0 0 0 0 0 0 0 0 -1 0 1 -1 0 0 0 0 0 1 0 0 0 0 0 0 0 0 0 0 -1 0 0 0 0 0 0 0 0 0 1 0 -1 0 0 0 0 0 0 0 0 1 0 0 1 0 0 0 0 0 0 1 0 0 0 1 0 0 0 0 0 0 -1 0 0 1 0 0 0 0 0 0 1 0 0 0 0 0 1 0 -1 0 0 0 0 0 1 0 1 0 0 0 0 1 0 0 0 1 0 0 0 0 0 
Plants Genes: 0 0 -1 0 0 0 0 0 0 -1 0 1 1 0 0 0 0 0 0 -1 0 1 1 1 0 0 -1 0 0 0 0 0 0 0 0 -1 0 0 1 0 1 0 0 0 0 1 0 0 1 0 -1 0 1 0 1 1 0 0 1 0 0 0 0 0 0 2 2 1 0 -1 0 0 0 1 0 0 -1 1 -1 -1 0 0 0 1 0 -1 0 0 0 0 -1 0 0 0 0 0 0 -1 1 0 0 -1 0 -1 0 1 0 0 0 0 0 0 0 0 0 0 1 0 0 0 0 0 1 0 0 -1 
Mice Genes: 1 0 1 0 0 1 0 0 0 0 0 1 1 0 0 0 0 0 0 0 0 0 0 0 0 0 1 -1 0 0 0 0 0 1 0 0 0 0 0 0 0 0 0 0 0 0 0 0 0 0 0 0 0 0 0 0 0 0 0 0 -1 0 0 0 0 0 0 0 -1 0 -1 0 0 1 0 0 0 0 0 0 -1 0 0 -1 0 0 -1 0 0 0 0 0 0 0 0 0 0 0 0 0 0 0 0 0 0 0 0 0 0 0 0 0 0 -1 0 0 -1 1 0 0 0 1 -1 0 0 0 
Cats Genes: 0 0 -1 0 1 -1 -2 0 -1 -1 0 1 0 0 0 0 0 0 0 0 0 -1 0 -1 0 1 -1 0 0 0 0 0 1 0 0 0 0 0 0 0 0 0 0 -1 0 0 0 0 0 0 0 0 0 2 0 -1 0 0 0 0 0 0 0 0 1 0 0 1 0 0 0 0 0 0 1 0 0 0 1 0 0 0 0 0 0 -1 0 0 1 0 0 0 0 0 0 1 0 0 0 0 0 1 0 -1 0 0 0 0 0 1 0 1 0 0 0 0 1 0 0 0 1 0 0 0 0 0 
Plants Genes: 0 0 -1 0 0 0 0 0 0 -1 0 1 1 0 0 0 0 0 0 -1 0 1 1 1 0 0 -1 0 0 0 0 0 0 0 0 -1 0 0 1 0 1 0 0 0 0 1 0 0 1 0 -1 0 0 0 1 1 0 0 1 0 0 0 0 0 0 2 2 1 0 -1 0 0 0 1 0 0 -1 1 -1 -1 0 0 0 1 0 -1 0 0 0 0 -1 0 0 0 0 0 0 -1 1 0 0 -1 0 -1 0 1 0 0 0 0 0 0 0 0 0 0 1 0 0 0 0 0 1 0 0 -1 
Mice Genes: 1 -1 1 0 0 1 0 0 0 0 0 1 1 0 0 0 0 0 0 0 0 0 0 0 0 0 1 -1 0 0 0 0 0 1 0 0 0 0 0 0 0 0 0 0 0 0 0 0 0 0 0 0 0 0 0 0 0 0 0 0 -1 0 0 0 0 0 0 0 -1 0 -1 0 0 1 0 0 0 0 0 0 -1 0 0 -1 0 0 0 0 0 0 0 0 0 0 0 0 0 0 0 0 0 0 0 0 0 0 0 0 0 0 0 0 0 -1 0 0 -1 1 0 0 0 1 -1 0 0 0 
Cats Genes: 0 0 -1 0 1 -1 -2 0 -1 -1 0 1 0 0 0 0 0 0 0 0 0 0 0 -1 0 1 -1 0 0 0 0 0 1 0 0 0 0 0 0 0 0 0 0 -1 0 0 0 0 0 0 0 0 0 2 0 -1 0 0 0 0 0 0 0 0 1 0 0 1 0 0 0 0 0 0 1 0 0 0 1 0 0 0 0 0 0 -1 0 0 1 0 0 0 0 0 0 1 0 0 0 0 0 1 0 -1 0 0 0 0 0 1 0 1 0 0 0 0 1 0 0 0 1 0 0 0 0 0 
Plants Genes: 0 0 -1 0 0 0 0 0 0 -1 0 1 1 0 0 0 0 0 0 -1 0 1 1 1 0 0 -1 0 0 0 0 0 0 0 0 -1 0 0 1 0 1 0 0 0 0 1 0 0 1 0 -1 0 0 0 1 1 0 0 1 0 0 0 0 0 0 2 2 1 0 -1 0 0 0 1 0 0 -1 1 -1 -1 0 0 0 1 0 -1 0 0 0 0 -1 0 0 0 0 0 0 -1 1 0 0 -1 0 -1 0 1 0 0 0 0 0 0 0 0 0 0 1 0 0 0 0 0 1 0 0 -1 
Mice Genes: 1 -1 1 0 0 1 0 0 0 0 0 1 1 0 0 0 0 0 0 0 0 0 0 0 0 0 1 -1 0 0 0 0 0 1 0 0 0 0 0 0 0 0 0 0 0 0 0 0 0 0 0 0 0 0 0 0 0 0 0 0 0 0 0 0 0 0 0 0 -1 0 -1 0 0 0 0 0 0 0 0 0 -1 0 0 -1 0 0 0 0 0 0 0 0 0 0 0 0 0 0 0 0 0 0 1 0 0 0 0 0 0 0 0 0 0 -1 0 0 -1 1 0 0 0 1 -1 0 0 0 
Cats Genes: 0 0 -1 0 1 -1 -2 0 -1 -1 0 1 0 0 0 0 0 0 0 0 0 0 0 -1 0 1 -1 0 0 0 0 0 1 0 0 0 0 0 0 0 0 0 0 -1 0 0 0 0 0 0 0 0 0 2 0 -1 0 0 0 0 0 0 0 0 1 0 0 1 0 0 0 0 0 0 1 0 0 0 1 0 0 0 0 0 0 -1 0 0 1 0 0 0 0 0 0 1 0 0 0 0 0 1 0 -1 0 0 0 0 0 1 0 1 0 0 0 0 1 0 0 0 1 0 0 0 0 0 
Plants Genes: 0 0 -1 0 0 0 0 0 0 -1 0 1 1 0 0 0 0 0 0 -1 0 1 1 1 0 0 -1 0 0 0 0 0 0 0 0 -1 0 0 1 0 1 0 0 0 0 1 0 0 1 0 -1 0 0 0 1 1 0 0 1 0 0 0 0 0 0 2 2 1 0 -1 0 0 0 1 0 0 -1 1 -1 -1 0 0 0 1 0 -1 0 0 0 0 -1 0 0 0 0 0 0 -1 1 0 0 -1 0 -1 0 1 0 0 0 0 0 0 0 0 0 0 1 0 0 0 0 0 1 0 0 -1 
Mice Genes: 1 -1 1 0 0 1 0 0 0 0 0 1 1 0 0 0 0 0 0 0 0 0 0 0 0 0 1 -1 0 0 0 0 0 1 0 0 0 0 0 0 0 0 0 1 0 0 0 0 0 0 0 0 0 0 0 0 0 0 0 0 -1 0 0 0 0 0 0 0 -1 0 -1 0 0 0 0 0 0 0 0 0 -1 0 0 -1 0 0 0 0 0 0 0 0 0 0 0 0 0 0 0 0 0 0 1 0 0 0 0 0 0 0 0 0 0 -1 0 0 -1 1 0 0 0 1 -1 0 0 0 
Cats Genes: 0 0 -1 0 1 -1 -2 0 -1 -1 0 1 0 0 0 0 0 0 0 0 0 0 0 -1 0 1 -1 0 0 0 0 0 1 0 0 0 0 0 0 0 0 0 0 0 0 0 0 0 0 0 0 0 0 2 0 -1 0 0 0 0 0 0 0 0 1 0 0 1 0 0 0 0 0 0 1 0 0 0 1 0 0 0 0 0 0 -1 0 0 1 0 0 0 0 0 0 1 0 0 0 0 0 1 0 -1 0 0 0 0 0 1 0 1 0 0 0 0 1 0 0 0 1 0 0 0 0 0 
Plants Genes: 0 0 -1 0 0 0 0 0 0 -1 0 1 1 0 0 0 0 0 0 -1 0 1 1 1 0 0 -1 0 0 0 0 0 0 0 0 -1 0 0 1 0 1 0 0 0 0 1 0 0 1 0 -1 0 1 0 1 1 0 0 1 0 0 0 0 0 0 2 2 1 0 -1 0 0 0 1 0 0 -1 1 -1 -1 0 0 0 1 0 -1 0 0 0 0 -1 0 0 0 0 0 0 -1 1 0 0 -1 0 -1 0 1 0 0 0 0 0 0 0 0 0 0 1 0 0 0 0 0 1 0 0 -1 
Mice Genes: 1 -1 1 0 0 1 0 0 0 0 0 1 1 0 0 0 0 0 0 0 0 0 0 0 0 0 1 -1 0 0 0 0 0 1 0 0 0 0 0 0 0 0 0 1 0 0 0 0 0 0 0 0 0 0 0 0 0 0 0 0 -1 0 0 0 0 0 0 0 -1 0 -1 0 0 0 0 0 0 0 0 0 -1 0 0 -1 0 0 0 0 0 0 0 0 0 0 0 0 0 0 0 0 0 0 0 0 0 0 0 0 0 0 0 0 0 -1 0 0 -1 1 0 0 0 1 -1 0 0 0 
Cats Genes: 0 0 -1 0 1 -1 -2 0 -1 -1 0 1 0 0 0 0 0 0 0 0 0 0 0 -1 0 1 -1 0 0 0 0 0 1 0 0 0 0 0 0 0 0 0 0 0 0 0 0 0 0 0 0 0 0 2 0 -1 0 0 0 0 0 0 0 0 1 0 0 1 0 0 0 0 0 0 2 0 0 0 1 0 0 0 0 0 0 -1 0 0 1 0 0 0 0 0 0 1 0 0 0 0 0 1 0 -1 0 0 0 0 0 1 0 1 0 0 0 0 1 1 0 0 1 0 0 0 0 0 
Plants Genes: 0 0 -1 0 0 0 0 0 0 -1 0 1 1 0 0 0 0 0 0 -1 0 1 1 1 0 0 -1 0 0 0 0 0 0 0 0 -1 0 0 1 0 1 0 0 0 0 1 0 0 1 0 -1 0 1 0 1 1 0 0 1 0 0 0 0 0 0 2 2 1 0 -1 0 0 0 1 0 0 -1 1 -1 -1 0 0 0 1 0 -1 0 0 0 0 -1 0 0 0 0 0 0 -1 1 0 0 -1 0 -1 0 1 0 0 0 0 0 0 0 0 0 0 1 0 0 0 0 0 1 0 0 -1 
Mice Genes: 1 -1 1 0 0 1 0 0 0 0 0 1 1 0 0 0 0 0 0 0 0 0 0 0 0 0 1 -1 0 0 0 0 0 1 0 0 0 0 0 0 0 0 0 1 0 0 0 0 0 0 0 0 0 0 0 0 0 0 0 0 0 0 0 0 0 0 0 0 -1 0 -1 0 0 0 0 0 0 0 0 0 -1 0 0 -1 0 0 0 0 0 0 0 -1 0 0 0 0 0 0 0 0 0 0 0 0 0 0 0 0 0 0 0 0 0 -1 0 0 -1 1 0 0 0 1 -1 0 0 0 
Cats Genes: 0 0 -1 0 1 -1 -2 0 -1 -1 0 1 0 0 0 0 0 0 0 0 0 0 0 -1 0 1 -1 0 0 0 0 0 1 0 0 0 0 0 0 0 0 0 0 0 0 0 0 0 0 0 0 0 0 2 0 -1 0 0 0 0 0 0 0 0 1 0 0 1 0 0 0 0 0 0 2 0 0 0 1 0 0 0 0 0 0 -1 0 0 1 0 0 0 0 0 0 1 0 0 0 0 0 1 0 -1 0 0 0 0 0 1 0 1 0 0 0 0 1 0 0 0 1 0 0 0 0 0 
Plants Genes: 0 0 -1 0 0 0 0 0 0 -1 0 1 1 0 0 0 0 0 0 -1 0 1 1 1 0 0 -1 0 0 0 0 0 0 0 0 -1 0 0 1 0 1 0 0 0 0 2 0 0 1 0 -1 0 1 0 1 1 0 0 1 0 0 0 0 0 0 2 2 1 0 -1 0 0 0 1 0 0 -1 1 -1 -1 0 0 0 1 0 -1 0 0 0 0 -1 0 0 0 0 0 0 -1 1 0 0 -1 0 -1 0 1 0 0 0 0 0 0 0 0 0 0 1 0 0 0 0 0 1 0 0 -1 
Mice Genes: 1 -1 1 0 0 1 0 0 0 0 0 1 1 0 0 0 0 0 0 0 0 0 0 0 0 0 1 -1 0 0 0 0 0 1 0 0 0 0 0 0 0 0 -1 0 0 0 0 0 0 0 0 0 0 0 0 0 0 0 0 0 -1 0 0 0 0 0 0 0 -1 0 -1 0 0 1 0 0 0 0 0 0 -1 0 0 -1 0 0 0 0 0 0 0 -1 0 0 0 0 0 0 0 0 0 0 0 0 0 0 0 0 0 0 0 0 0 -1 0 0 -1 1 0 0 0 1 -1 0 0 0 
Cats Genes: 0 0 -1 0 1 -1 -2 0 -1 -1 0 1 0 0 0 0 0 0 0 0 0 0 0 -1 0 1 -1 0 0 0 0 0 1 0 0 0 0 0 0 0 0 0 0 -1 0 0 0 0 0 0 0 0 0 2 0 -1 0 0 0 0 0 0 0 0 1 0 0 1 0 0 0 0 0 0 2 0 0 0 1 0 0 0 0 0 0 -1 0 0 1 0 0 0 0 0 0 1 0 0 0 0 0 1 0 -1 0 0 0 0 0 1 0 1 0 0 0 0 1 0 0 0 1 0 0 0 0 0 
Plants Genes: 0 0 -1 0 0 0 0 0 0 -1 0 1 1 0 0 0 0 0 0 -1 0 1 1 1 0 0 -1 0 0 0 0 0 0 0 0 -1 0 0 1 0 1 0 0 0 0 1 0 0 1 0 -1 0 1 0 1 1 0 0 1 0 0 0 0 0 0 2 2 1 0 -1 0 0 0 1 0 0 -1 1 -1 -1 0 0 0 1 0 -1 0 0 0 0 -1 0 0 0 0 0 0 -1 1 0 0 -1 0 -1 0 1 0 0 0 0 0 0 0 0 0 0 1 0 0 0 0 0 1 0 0 -1 
Mice Genes: 1 -1 1 0 0 1 0 0 0 0 0 1 1 0 0 0 0 0 0 0 0 0 0 0 0 0 1 -1 0 0 0 0 0 1 0 0 0 0 0 0 0 0 -1 0 0 0 0 0 0 0 0 0 0 0 0 0 0 0 0 0 -1 0 0 0 0 0 0 0 -1 0 -1 0 0 1 0 0 0 0 0 0 -1 0 0 -1 0 0 0 0 0 0 0 -1 0 0 0 0 0 0 0 0 0 0 0 0 0 0 0 0 0 0 0 0 0 -1 0 0 -1 1 0 0 0 1 -1 0 0 0 
Cats Genes: 0 0 -1 0 1 -1 -2 0 -1 -1 0 1 0 0 0 0 0 0 0 0 0 0 0 -1 0 1 -1 0 0 0 0 0 1 0 0 0 0 0 0 0 0 0 0 -1 0 0 0 0 0 0 0 0 0 2 0 -1 0 0 0 0 0 0 0 0 1 0 0 1 0 0 0 0 0 0 1 0 0 0 1 0 0 0 0 0 0 -1 0 0 1 0 0 0 0 0 0 1 0 0 0 0 0 1 0 -1 0 0 0 0 0 1 0 1 0 0 0 0 1 1 0 0 1 0 0 0 0 0 
Plants Genes: 0 0 -1 0 0 0 0 0 0 -1 0 1 1 0 0 0 0 0 0 -1 0 1 1 1 0 0 -1 0 0 0 0 0 0 0 0 -1 0 0 1 0 1 0 0 0 0 1 0 0 1 0 -1 0 1 0 1 1 0 0 1 0 0 0 0 0 0 2 2 1 0 -1 0 0 0 1 0 0 -1 1 -1 -1 0 0 0 1 0 -1 0 0 0 0 -1 0 0 0 0 0 0 -1 1 0 0 -1 0 -1 0 1 0 0 0 0 0 0 0 0 0 0 1 0 0 0 0 0 1 0 0 -1 
Mice Genes: 1 -1 1 0 0 1 0 0 0 0 0 1 1 0 0 0 0 0 0 0 0 0 0 0 0 0 1 -1 0 0 0 0 0 1 0 0 0 0 0 0 0 0 0 0 0 0 0 0 0 0 0 0 0 0 0 0 0 0 0 0 0 0 0 0 0 0 0 0 -1 0 -1 0 0 1 0 0 0 0 0 0 -1 0 0 -1 0 0 0 0 0 0 0 -1 0 0 0 0 0 0 0 0 0 0 1 0 0 0 0 0 0 0 0 0 0 -1 0 0 -1 1 0 0 0 1 -1 0 0 0 
Cats Genes: 0 0 -1 0 1 -1 -2 0 -1 -1 0 1 0 0 0 0 0 0 0 0 0 0 0 -1 0 1 -1 0 0 0 0 0 1 0 0 0 0 0 0 0 0 0 0 0 0 0 0 0 0 0 0 0 0 2 0 -1 0 0 0 0 0 0 0 0 1 0 0 1 0 0 0 0 0 0 1 0 0 0 1 0 0 0 0 0 0 -1 0 0 1 0 0 0 0 0 0 1 0 0 0 0 0 1 0 -1 0 0 0 0 0 1 0 1 0 0 0 0 1 1 0 0 1 0 0 0 0 0 
Plants Genes: 0 0 -1 0 0 0 0 0 0 -1 0 1 1 0 0 0 0 0 0 -1 0 1 1 1 0 0 -1 0 0 0 0 0 0 0 0 -1 0 0 1 0 1 0 0 0 0 1 0 0 1 0 -1 0 1 0 1 1 0 0 1 0 0 0 0 0 0 2 2 1 0 -1 0 0 0 1 0 0 -1 1 -1 -1 0 0 0 1 0 -1 0 0 0 0 -1 0 0 0 0 0 0 -1 1 0 0 -1 0 -1 0 1 0 0 0 0 0 0 0 0 0 0 1 0 0 0 0 0 1 0 0 -1 
Mice Genes: 1 -1 1 0 0 1 0 0 0 0 0 1 1 0 0 0 0 0 0 0 0 0 0 0 0 0 1 -1 0 0 0 0 0 1 0 0 0 0 0 0 0 0 0 0 0 0 0 0 0 0 0 0 0 0 0 0 0 0 0 0 0 0 0 0 0 0 0 0 -1 0 -1 0 0 0 0 0 0 0 0 0 -1 0 0 -1 0 0 0 0 0 0 0 0 0 0 0 0 0 0 0 0 0 0 0 0 0 0 0 0 0 0 0 0 0 -1 0 0 -1 1 0 0 0 1 -1 0 0 0 
Cats Genes: 0 0 -1 0 1 -1 -2 0 -1 -1 0 1 0 0 0 0 0 0 0 0 0 0 0 -1 0 1 -1 0 0 0 0 0 1 0 0 0 0 0 0 0 0 0 0 0 0 0 0 0 0 0 0 0 0 2 0 -1 0 0 0 0 0 0 0 0 1 0 0 1 0 0 0 0 0 0 2 0 0 0 1 0 0 0 0 0 0 -1 0 0 1 0 0 0 0 0 0 1 0 0 0 0 0 1 0 -1 0 0 0 0 0 1 0 1 0 0 0 0 1 1 0 0 1 0 0 0 0 0 
Plants Genes: 0 0 -1 0 0 0 -1 0 0 -1 0 1 1 0 0 0 0 0 0 -1 0 1 1 1 0 0 -1 0 0 0 0 0 0 -1 0 -1 0 0 1 0 1 0 0 0 0 1 0 0 1 0 -1 0 0 0 1 1 0 0 1 0 0 0 0 0 0 2 2 1 0 -1 0 0 0 1 0 0 -1 1 -1 -1 0 0 0 1 0 -1 0 0 0 0 -1 0 0 0 0 0 0 -1 1 0 0 -1 0 -1 0 1 0 0 0 0 0 0 0 0 0 0 1 0 0 0 0 0 1 0 0 -1 
Mice Genes: 1 -1 1 0 0 1 0 0 0 0 0 1 1 0 0 0 0 0 0 0 0 0 0 0 0 0 1 -1 0 0 0 0 0 1 0 0 0 0 0 0 0 0 -1 0 0 0 0 0 0 0 0 0 0 0 0 0 0 0 0 0 0 0 0 0 0 0 0 0 -1 0 -1 0 0 1 0 0 0 0 0 0 -1 0 0 -1 0 0 0 0 0 0 0 0 0 0 0 0 0 0 0 0 0 0 0 0 0 0 0 0 0 0 0 0 0 -1 0 0 -1 1 0 0 0 1 -1 0 0 0 
Cats Genes: 0 0 -1 0 1 -1 -2 0 -1 -1 0 1 0 0 0 0 0 0 0 0 0 0 0 -1 0 1 -1 0 0 0 0 0 1 0 0 0 0 0 0 0 0 0 0 0 0 0 0 0 0 0 0 0 0 2 0 -1 0 0 0 0 0 0 0 0 1 0 0 1 0 0 0 0 0 0 1 0 0 0 1 0 0 0 0 0 0 -1 0 0 1 0 0 0 0 0 0 1 0 0 0 0 0 1 0 -1 0 0 0 0 0 1 0 1 0 0 0 0 1 0 0 0 1 0 0 0 0 0 
Plants Genes: 0 0 -1 0 0 0 0 0 0 -1 0 1 1 0 0 0 0 0 0 -1 0 1 1 1 0 0 -1 0 0 0 0 0 0 -1 0 -1 0 0 1 0 1 0 0 0 0 1 0 0 1 0 -1 0 0 0 1 1 0 0 1 0 0 0 0 0 0 2 2 1 0 -1 0 0 0 1 0 0 -1 1 -1 -1 0 0 0 1 0 -1 0 0 0 0 -1 0 0 0 0 0 0 -1 1 0 0 -1 0 -1 0 1 0 0 0 0 0 0 0 0 0 0 1 0 0 0 0 0 1 0 0 -1 
Mice Genes: 1 -1 1 0 0 1 0 0 0 0 0 1 1 0 0 0 0 0 0 0 0 0 0 0 0 0 1 -1 0 0 0 0 0 1 0 0 0 0 0 0 0 0 -1 0 0 0 0 0 0 0 0 0 0 0 0 0 0 0 0 0 -1 0 0 0 0 0 0 0 -1 0 -1 0 0 1 0 0 0 0 0 0 -1 0 0 -1 0 0 0 0 0 0 0 0 0 0 0 0 0 0 0 0 0 0 0 0 0 0 0 0 0 0 0 0 0 -1 0 0 -1 1 0 0 0 1 -1 0 0 0 
Cats Genes: 0 0 -1 0 1 -1 -2 0 -1 -1 0 1 0 0 0 0 0 0 0 0 0 0 0 -1 0 1 -1 0 0 0 0 0 1 0 0 0 0 0 0 0 0 0 0 -1 0 0 0 0 0 0 0 0 0 2 0 -1 0 0 0 0 0 0 0 0 1 0 0 1 0 0 0 0 0 0 3 0 0 0 1 0 0 0 0 0 0 -1 0 0 1 0 0 0 0 0 0 1 0 0 0 0 0 1 0 -1 0 0 0 0 0 1 0 1 0 0 0 0 1 1 0 0 1 0 0 0 0 0 
Plants Genes: 0 0 -1 0 0 0 0 0 0 -1 0 1 1 0 0 0 0 0 0 -1 0 1 1 1 0 0 -1 0 0 0 0 0 0 -1 0 -1 0 0 1 0 1 0 0 0 0 1 0 0 1 0 -1 0 0 0 1 1 0 0 1 0 0 0 0 0 0 2 2 1 0 -1 0 0 0 1 0 0 -1 1 -1 -1 0 0 0 1 0 -1 0 0 0 0 -1 0 0 0 0 0 0 -1 1 0 0 -1 0 -1 0 1 0 0 0 0 0 0 0 0 0 0 1 0 0 0 0 0 1 0 0 -1 
Mice Genes: 1 -1 1 0 0 1 0 0 0 0 0 1 1 0 0 0 0 0 0 0 0 0 0 0 0 0 1 -1 0 0 0 0 0 1 0 0 0 0 0 0 0 0 -1 0 0 0 0 0 0 0 0 0 0 0 0 0 0 0 0 0 0 0 0 0 0 0 0 0 -1 0 -1 0 0 1 0 0 0 0 0 0 -1 0 0 -1 0 0 0 0 0 0 0 0 0 0 0 0 0 0 0 0 0 0 0 0 0 0 0 0 0 0 0 0 0 -1 0 0 -1 1 0 0 0 1 -1 0 0 0 
Cats Genes: 0 0 -1 0 1 -1 -2 0 -1 -1 0 1 0 0 0 0 0 0 0 0 0 0 0 -1 0 1 -1 0 0 0 0 0 1 0 0 0 0 0 0 0 0 0 0 -1 0 0 0 0 0 0 0 0 0 2 0 -1 0 0 0 0 0 0 0 0 1 0 0 1 0 0 0 0 0 0 2 0 0 0 1 0 0 0 0 0 0 -1 0 0 1 0 0 0 0 0 0 1 0 0 0 0 0 1 0 -1 0 0 0 0 0 1 0 1 0 0 0 0 1 0 0 0 1 0 0 0 0 0 
Plants Genes: 0 0 -1 0 0 0 0 0 0 -1 0 1 1 0 0 0 0 0 0 -1 0 1 1 1 0 0 -1 0 0 0 0 0 0 -1 0 -1 0 0 1 0 1 0 0 0 0 1 0 0 1 0 -1 0 1 0 1 1 0 0 1 0 0 0 0 0 0 2 2 1 0 -1 0 0 0 1 0 0 -1 1 -1 -1 0 0 0 1 0 -1 0 0 0 0 -1 0 0 0 0 0 0 -1 1 0 0 -1 0 -1 0 1 0 0 0 0 0 0 0 0 0 0 1 0 0 0 0 0 1 0 0 -1 
Mice Genes: 1 -1 1 0 0 1 0 0 0 0 0 1 1 0 0 0 0 0 0 0 0 0 0 0 0 0 1 -1 0 0 0 0 0 1 0 0 0 0 0 0 0 0 -1 0 0 0 0 0 0 0 0 0 0 0 0 0 0 0 0 0 -1 0 0 0 0 0 0 0 -1 0 -1 0 0 1 0 0 0 0 0 0 -1 0 0 -1 0 0 0 0 0 0 0 0 0 0 0 0 0 0 0 0 0 0 0 0 0 0 0 0 0 0 0 0 0 -1 0 0 -1 1 0 0 0 1 -1 0 0 0 
Cats Genes: 0 0 -1 0 1 -1 -2 0 -1 -1 0 1 0 0 0 0 0 0 0 0 0 0 0 -1 0 1 -1 0 0 0 0 0 1 0 0 0 0 0 0 0 0 0 0 -1 0 0 0 0 0 0 0 0 0 2 0 -1 0 0 0 0 0 0 0 0 1 0 0 1 0 0 0 0 0 0 2 0 0 0 1 0 0 0 0 0 0 -1 0 0 1 0 0 0 0 0 0 1 0 0 0 0 0 1 0 -1 0 0 0 0 0 1 0 1 0 0 0 0 1 0 0 0 1 0 0 0 0 0 