Plants Score: 1 1 1 1 1 1 1 1 1 1 1 1 1 1 1 1 1 1 1 1 1 1 1 1 1 1 1 1 1 1 1 1 1 1 1 1 1 1 1 1 1 1 1 1 1 1 1 1 1 1 1 1 
Mice Score: 1 1 1 1 1 81 1 625 1 100 81 81 1 1 1 1 625 100 1 1 1 1 1 1 81 81 100 100 1 1 1 1 81 81 81 81 1 1 1 1 81 81 81 81 81 81 81 81 1 81 81 1 
Cats Score: 225 3178 3178 3180 3183 144 3183 225 3182 121 144 144 3183 3178 225 3183 256 225 3183 225 3180 3180 3178 3180 144 144 225 225 225 225 225 3180 144 144 144 144 3178 3183 3180 3182 144 144 144 144 144 144 144 144 225 169 144 3182 
Plants Genes: 0 0 -1 0 0 -1 -1 0 0 -1 -1 1 1 1 0 0 0 0 0 -1 0 2 1 1 0 1 -1 0 0 0 0 0 0 -1 0 0 0 0 1 0 1 0 0 0 0 1 0 0 2 0 -1 0 0 0 2 2 0 0 1 0 0 0 0 0 0 3 2 1 0 -1 0 0 0 1 0 0 -1 1 -1 -1 0 0 0 1 1 -1 0 0 0 -1 -1 0 0 0 0 0 0 -1 1 1 0 -1 0 -1 0 1 -1 0 0 0 -1 1 0 -1 0 0 1 0 0 0 1 1 1 0 0 -1 
Mice Genes: 1 -1 1 1 0 1 0 0 0 0 0 1 1 0 1 0 0 0 0 0 0 0 0 0 0 0 1 -1 0 0 0 0 0 1 0 0 0 0 0 0 0 1 0 0 0 0 0 0 0 0 0 0 -1 -1 0 0 0 0 0 0 -1 0 0 0 0 0 0 0 -1 0 -1 0 0 1 0 1 0 0 0 0 0 0 0 -1 0 0 0 0 0 0 0 -1 0 0 0 0 0 0 0 0 0 0 2 0 0 0 0 0 0 0 0 0 0 -2 0 0 -1 1 0 -1 0 1 -1 1 0 0 
Cats Genes: 0 1 -1 1 2 -1 -2 -1 -1 -1 0 1 0 0 0 0 0 0 0 0 1 0 0 -1 0 1 -1 -1 0 0 0 0 0 0 0 1 0 0 0 0 -1 0 0 0 0 0 0 0 0 0 0 0 0 2 0 -1 0 0 0 0 0 0 0 0 1 0 0 1 0 0 -1 0 0 0 1 0 0 0 1 0 0 0 0 0 0 -1 0 0 1 0 0 0 0 0 0 1 0 0 0 -1 0 1 0 -1 0 0 0 -1 0 1 0 1 0 0 0 0 1 1 1 0 1 0 0 0 0 0 
Plants Genes: 0 0 -1 0 0 -1 -1 0 0 -1 -1 1 1 1 0 0 0 0 0 -1 0 2 1 1 0 1 -1 0 0 0 0 0 0 -1 0 0 0 0 1 0 1 0 0 0 0 1 0 0 2 0 -1 0 0 0 2 2 0 0 1 0 0 0 0 0 0 3 2 1 0 -1 0 0 0 1 0 0 -1 1 -1 -1 0 0 0 1 1 -1 0 0 0 -1 -1 0 0 0 0 0 0 -1 1 1 0 -1 0 -1 0 1 -1 0 0 0 -1 1 0 -1 0 0 1 0 0 0 1 1 1 0 0 -1 
Mice Genes: 1 -1 1 1 0 1 0 0 0 0 0 1 1 0 1 0 0 0 0 0 0 0 0 0 0 0 1 -1 0 0 0 0 0 1 0 0 0 0 0 0 0 1 0 0 0 0 0 0 0 0 0 0 -1 -1 0 0 0 0 0 0 -1 0 0 0 0 0 0 0 -1 0 -1 0 0 0 0 1 0 0 0 0 0 0 0 -1 0 0 0 0 0 0 0 -1 0 0 0 0 1 0 0 0 0 0 2 0 0 0 0 0 0 0 0 0 0 -2 0 0 -1 1 0 -1 0 1 -1 0 0 0 
Cats Genes: 0 1 -1 1 2 -1 -2 -1 -1 -1 0 1 0 0 0 0 0 0 0 0 1 0 0 -1 0 1 -1 -1 0 0 0 0 0 0 0 1 0 0 0 0 -1 0 0 0 0 0 0 0 0 0 0 0 0 2 0 -1 0 0 0 0 0 0 0 0 1 0 0 1 0 0 -1 0 0 0 1 0 0 0 1 0 0 0 0 0 0 -1 0 0 1 0 0 0 0 0 0 1 0 0 0 -1 0 1 0 -1 0 0 0 -1 0 1 0 1 0 0 0 0 1 1 1 0 1 0 0 0 0 0 
Plants Genes: 0 0 -1 0 0 -1 -1 0 0 -1 -1 1 1 1 0 0 0 0 0 -1 0 2 1 1 0 1 -1 0 0 0 0 0 0 -1 0 0 0 0 1 0 1 0 0 0 0 1 0 0 2 0 -1 0 0 0 2 2 0 0 1 0 0 0 0 0 0 3 2 1 0 -1 0 0 0 1 0 0 -1 1 -1 -1 0 0 0 1 1 -1 0 0 0 -1 -1 0 0 0 0 0 0 -1 1 1 0 -1 0 -1 0 1 -1 0 0 0 -1 1 0 -1 0 0 1 0 0 0 1 1 1 0 0 -1 
Mice Genes: 1 -2 1 1 0 1 0 0 0 0 0 1 1 0 1 0 0 0 0 0 0 0 0 0 0 0 1 -1 0 0 0 0 0 1 0 0 0 0 0 0 0 1 0 0 0 0 0 0 0 0 0 0 -1 -1 0 0 0 0 0 0 -1 0 0 0 0 0 0 0 -1 0 -1 0 0 0 0 1 0 0 0 0 0 0 0 -1 0 0 0 0 0 0 0 -1 0 0 0 0 0 0 0 0 0 0 2 0 0 0 0 0 0 0 0 0 0 -2 0 0 -1 1 0 -1 0 1 -1 0 0 0 
Cats Genes: 0 1 -1 1 1 -1 -2 -1 -1 -1 0 1 0 0 0 0 0 0 0 0 1 0 0 -1 0 1 -1 -1 0 0 0 0 0 0 0 1 0 0 0 0 -1 0 0 0 0 0 0 0 0 0 0 0 0 2 0 -1 0 0 0 0 0 0 0 0 1 0 0 1 0 0 -1 0 0 0 1 0 0 0 1 0 0 0 0 0 0 -1 0 0 1 0 0 0 0 0 0 1 0 0 0 -1 0 1 0 -1 0 0 0 -1 0 1 0 1 0 0 0 0 1 1 1 0 1 0 0 0 0 0 
Plants Genes: 0 0 -1 0 0 -1 -1 0 0 -1 -1 1 1 1 0 0 0 0 0 -1 0 2 1 1 0 1 -1 0 0 0 0 0 0 -1 0 0 0 0 1 0 1 0 0 0 0 1 0 0 2 0 -1 0 0 0 2 2 0 0 1 0 0 1 0 0 0 3 2 1 0 -1 0 0 0 1 0 0 -1 1 -1 -1 0 0 0 1 1 -1 0 0 0 -1 -1 0 0 0 0 0 0 -1 1 1 0 -1 0 -1 0 1 -1 0 0 0 -1 1 0 -1 0 0 1 0 0 0 1 1 1 0 0 -1 
Mice Genes: 1 -1 1 1 0 1 0 0 0 0 0 1 1 0 1 0 0 0 0 0 0 0 0 0 0 0 1 -1 0 0 0 0 0 1 0 0 0 0 0 0 0 1 0 0 0 0 0 0 0 0 0 0 -1 -1 0 0 0 0 0 0 -1 0 0 0 0 0 0 0 -1 0 -1 0 0 1 0 1 0 0 0 0 0 0 0 -1 0 0 0 0 0 0 0 -1 0 0 0 0 0 0 0 0 0 0 2 0 0 0 0 0 0 0 0 0 0 -2 0 0 -1 1 0 -1 0 1 -1 0 0 0 
Cats Genes: 0 1 -1 1 2 -1 -2 -1 -1 -1 0 1 0 0 0 0 0 0 0 0 1 0 0 -1 0 1 -1 -1 0 0 0 0 0 0 0 1 0 0 0 0 -1 0 0 0 0 0 0 0 0 0 0 0 0 2 0 -1 0 0 0 0 0 0 0 0 1 0 0 1 0 0 -1 0 0 0 1 0 0 0 1 0 0 0 0 0 0 -1 0 0 1 0 0 0 0 0 0 1 0 0 0 -1 0 1 0 -1 0 0 0 -1 0 1 0 1 0 0 0 0 1 1 1 0 1 0 0 0 0 0 
Plants Genes: 0 0 -1 0 0 -1 -1 0 0 -1 -1 1 1 1 0 0 0 0 0 -1 0 2 1 1 0 1 -1 0 0 0 0 0 0 -1 0 0 0 0 1 0 1 0 0 0 0 1 0 0 2 0 -1 0 0 0 2 2 0 0 1 0 0 0 0 0 0 3 2 1 0 -1 0 0 0 1 0 0 -1 1 -1 -1 0 0 0 1 1 -1 0 0 0 -1 -1 0 0 0 0 0 -1 -1 1 1 0 -1 0 -1 0 1 -1 0 0 0 -1 1 0 -1 0 0 1 0 0 -1 1 1 1 0 0 -1 
Mice Genes: 1 -1 1 1 0 1 0 0 0 0 0 1 1 0 1 0 0 0 0 0 0 0 0 0 0 0 1 -1 0 0 0 0 0 1 0 0 0 0 0 0 0 1 0 0 0 0 0 0 0 0 0 0 -1 -1 0 0 0 0 0 0 -1 0 0 0 0 0 0 0 -1 0 -1 0 0 1 0 1 0 0 0 0 0 0 0 -1 0 0 0 0 0 0 0 -1 0 0 0 0 1 0 0 0 0 0 2 0 0 0 0 0 0 0 0 0 0 -2 0 0 -1 1 0 -1 0 1 -1 1 0 0 
Cats Genes: 0 1 -1 1 1 -1 -2 -1 -1 -1 0 1 0 0 0 0 0 0 0 0 1 0 0 -1 0 1 -1 -1 0 0 0 0 0 0 0 1 0 0 0 0 -1 0 0 0 0 0 0 0 0 0 0 0 0 2 0 -1 0 0 0 0 0 0 0 0 1 0 0 1 0 0 -1 0 0 0 1 0 0 0 1 0 0 0 0 0 0 -1 0 0 1 0 0 0 0 0 0 1 0 0 0 -1 0 1 0 -2 0 0 0 -1 0 1 0 1 0 0 0 0 1 1 1 0 1 0 0 0 0 0 
Plants Genes: 0 0 -1 0 0 -1 -1 0 0 -1 -1 1 1 1 0 0 0 0 0 -1 0 2 1 1 0 1 -1 0 0 0 0 0 0 -1 0 0 0 0 1 0 1 0 0 0 0 1 0 0 2 0 -1 0 0 0 2 2 0 0 1 0 0 0 0 0 0 3 2 1 0 -1 0 0 0 1 0 0 -1 1 -1 -1 0 0 0 1 1 -1 0 0 0 -1 -1 0 0 0 0 0 -1 -1 1 1 0 -1 0 -1 0 1 -1 0 0 0 -1 1 0 -1 0 0 1 0 0 0 1 1 1 0 0 -1 
Mice Genes: 1 -1 1 1 0 1 0 0 0 0 0 1 1 0 1 0 0 -1 0 0 0 0 0 0 0 0 1 -1 0 0 0 0 0 1 0 0 0 0 0 0 0 1 0 0 0 0 0 0 0 0 0 0 -1 -1 0 0 0 0 0 0 -1 0 0 0 0 0 0 0 -1 0 -1 0 0 1 0 1 0 0 0 0 0 0 0 -1 0 0 0 0 0 0 0 -1 0 0 0 0 1 0 0 0 0 0 2 0 0 0 0 0 0 0 0 0 0 -2 0 0 -1 1 0 -1 0 1 -1 1 0 0 
Cats Genes: 0 1 -1 1 2 -1 -2 -1 -1 -1 0 1 0 0 0 0 0 0 0 0 1 0 0 -1 0 1 -1 -1 0 0 0 0 0 0 0 1 0 0 0 0 -1 0 0 0 0 0 0 0 0 0 0 0 0 2 0 -1 0 0 0 0 0 0 0 0 1 0 0 1 0 0 -1 0 0 0 1 0 0 0 1 0 0 0 0 0 0 -1 0 0 1 0 0 0 0 0 0 1 0 0 0 -1 0 1 0 -2 0 0 0 -1 0 1 0 1 0 0 0 0 1 1 1 0 1 0 0 0 0 0 
Plants Genes: 0 0 -1 0 0 -1 -1 0 0 -1 -1 1 1 1 0 0 0 0 0 -1 0 2 1 1 0 1 -1 0 0 0 0 0 0 -1 0 0 0 0 1 0 1 0 0 0 0 1 0 0 2 0 -1 0 0 0 2 2 0 0 1 0 0 0 0 0 0 3 2 1 0 -1 0 0 0 1 0 0 -1 1 -1 -1 0 0 0 1 1 -1 0 0 0 -1 -1 0 0 0 0 0 -1 -1 1 1 0 -1 0 -1 0 1 -1 0 0 0 -1 1 0 -1 0 0 1 0 0 0 1 1 1 0 0 -1 
Mice Genes: 1 -1 1 1 0 1 0 0 0 0 0 1 1 0 1 0 0 0 0 0 0 0 0 0 0 0 1 -1 0 0 0 0 0 1 0 0 0 0 0 0 0 1 0 0 0 0 0 0 0 0 0 0 -1 -1 0 0 0 0 0 0 -1 0 0 0 0 0 0 0 -1 0 -1 0 0 1 0 1 0 0 0 0 0 0 0 -1 0 0 0 0 0 0 0 -1 0 0 0 0 1 0 0 0 0 0 2 0 0 0 0 0 0 0 0 0 0 -2 0 0 -1 1 0 -1 0 1 -1 1 0 0 
Cats Genes: 0 1 -1 1 1 -1 -2 -1 -1 -1 0 1 0 0 0 0 0 0 0 0 1 0 0 -1 0 1 -1 -1 0 0 0 0 0 0 0 1 0 0 0 0 -1 0 0 0 0 0 0 0 0 0 0 0 0 2 0 -1 0 0 0 0 0 0 0 0 1 0 0 1 0 0 -1 0 0 0 1 0 0 0 1 0 0 0 0 0 0 -1 0 0 1 0 0 0 0 0 0 1 0 0 0 -1 0 1 0 -2 0 0 0 -1 0 1 0 1 0 0 0 0 1 1 1 0 1 0 0 0 0 0 
Plants Genes: 0 0 -1 0 0 -1 -1 0 0 -1 -1 1 1 1 0 0 0 0 0 -1 0 2 1 1 0 1 -1 0 0 0 0 0 0 -1 0 0 0 0 1 0 1 0 0 0 0 1 0 0 2 0 -1 0 0 0 2 2 0 0 1 0 0 0 0 0 0 3 2 1 0 -1 0 0 0 1 0 0 -1 1 -1 -1 0 0 0 1 1 -1 0 0 0 -1 -1 0 0 0 0 0 -1 -1 1 1 0 -1 0 -1 0 1 -1 0 0 0 -1 1 0 -1 0 0 1 0 0 0 1 1 1 0 0 -1 
Mice Genes: 1 -1 1 1 0 1 0 0 0 0 0 1 1 0 1 0 0 -1 0 0 0 0 0 0 0 0 1 -1 0 0 0 0 0 1 0 0 0 0 0 0 0 1 0 0 0 0 0 0 0 0 0 0 -1 -1 0 0 0 0 0 0 -1 0 0 0 0 0 0 0 -1 0 -1 0 0 1 0 1 0 0 0 0 0 0 0 -1 0 0 0 0 0 0 0 -1 0 0 0 0 1 0 0 0 0 0 2 0 0 0 0 0 0 0 0 0 0 -2 0 0 -1 1 0 -1 0 1 -1 1 0 0 
Cats Genes: 0 1 -1 1 2 -1 -2 -1 -1 -1 0 1 0 0 0 0 0 0 0 0 1 0 0 -1 0 1 -1 -1 0 0 0 0 0 0 0 1 0 0 0 0 -1 0 0 0 0 0 0 0 0 0 0 0 0 2 0 -1 0 0 0 0 0 0 0 0 1 0 0 1 0 0 -1 0 0 0 1 0 0 0 1 0 0 0 0 0 0 -1 0 0 1 0 0 0 0 0 0 1 0 0 0 -1 0 1 0 -2 0 0 0 -1 0 1 0 1 0 0 0 0 1 1 1 0 1 0 0 0 0 0 
Plants Genes: 0 0 -1 0 0 -1 -1 0 0 -1 -1 1 1 1 0 0 0 0 0 -1 0 2 1 1 0 1 -1 0 0 0 0 0 0 -1 0 0 0 0 1 0 1 0 0 0 0 1 0 0 2 0 -1 0 0 0 2 2 0 0 1 -1 0 0 0 0 0 3 2 1 0 -1 0 0 0 1 0 0 -1 1 -1 -1 0 0 0 1 1 -1 0 0 0 -1 -1 0 0 0 0 0 -1 -1 1 1 0 -1 0 -1 0 1 0 0 1 0 -1 1 0 -1 0 0 1 0 0 0 1 1 1 0 0 -1 
Mice Genes: 1 -1 1 1 0 1 0 0 0 0 -1 1 1 0 2 0 0 -1 0 0 0 0 0 0 0 0 1 -1 0 0 0 0 0 1 0 0 0 0 0 0 0 1 0 0 0 0 0 0 0 0 0 0 -1 -1 0 0 0 0 0 0 -1 0 0 0 0 0 0 0 -1 0 -1 0 0 1 0 1 0 0 0 0 0 0 0 -1 0 0 0 0 0 0 0 -1 0 0 0 0 1 0 0 0 0 0 2 0 0 0 0 0 0 0 0 0 0 -2 0 0 -1 1 0 -1 0 1 -1 1 0 0 
Cats Genes: 0 1 -1 1 2 -1 -2 -1 -1 -1 0 1 0 0 0 0 0 0 0 0 1 0 0 -1 0 1 -1 -1 0 0 0 0 0 0 0 1 0 0 0 0 -1 0 0 0 0 0 0 0 0 0 0 0 0 2 0 -1 0 0 0 0 0 0 0 0 1 0 0 1 0 0 -1 0 0 0 1 0 0 0 1 0 0 0 0 0 0 -1 0 0 1 0 0 0 1 0 0 1 0 0 0 -1 0 1 0 -1 0 0 0 -1 0 1 0 1 0 0 0 0 1 1 1 0 1 0 0 0 0 0 
Plants Genes: 0 0 -1 0 0 -1 -1 0 0 -1 -1 1 1 1 0 0 0 0 0 -1 0 2 1 1 0 1 -1 0 0 0 0 0 0 -1 0 0 0 0 1 0 1 0 0 0 0 1 0 0 2 0 -1 0 0 0 2 2 0 0 1 -1 0 0 0 0 0 3 2 1 0 -1 0 0 0 1 0 0 -1 1 -1 -1 0 0 0 1 1 -1 0 0 0 -1 -1 0 0 0 0 0 0 -1 1 1 0 -1 0 -1 0 1 0 0 0 0 -1 1 0 -1 0 0 1 0 0 0 1 1 1 0 0 -1 
Mice Genes: 1 -1 1 1 0 1 0 0 0 0 0 1 1 0 1 0 0 -1 0 0 0 0 0 0 0 0 1 -1 0 0 0 0 0 1 0 0 0 0 0 0 0 1 0 0 0 0 0 0 0 0 0 0 -1 -1 0 0 0 0 0 0 -1 0 0 0 0 0 0 0 -1 0 -1 0 0 1 0 1 0 0 0 0 0 0 0 -1 0 0 0 0 0 0 0 -1 0 0 0 0 1 0 0 0 0 0 2 0 0 0 0 0 0 0 0 0 0 -2 0 0 -1 1 0 -1 0 1 -1 1 0 0 
Cats Genes: 0 1 -1 1 2 -1 -2 -1 -1 -1 0 1 0 0 0 0 0 0 0 0 1 0 0 -1 0 1 -1 -1 0 0 0 0 0 0 0 1 0 0 0 0 -1 0 0 0 0 0 0 0 0 0 0 0 0 2 0 -1 0 0 0 0 0 0 0 0 1 0 0 1 0 0 -1 0 0 0 1 0 0 0 1 0 0 0 0 0 0 -1 0 0 1 0 0 0 0 0 0 1 0 0 0 -1 0 1 0 -1 0 0 0 -1 0 1 0 1 0 0 0 0 1 1 1 0 1 0 0 0 0 0 
Plants Genes: 0 0 -1 0 0 -1 -1 0 0 -1 -1 1 1 1 0 0 0 0 0 -1 0 2 1 1 0 1 -1 0 0 0 0 0 0 -1 0 0 0 0 1 0 1 0 0 0 0 1 0 0 2 0 -1 0 0 0 2 2 0 0 1 0 0 0 0 0 0 3 2 1 0 -1 0 0 0 1 0 0 -1 1 -1 -1 0 0 0 1 1 -1 0 0 0 -1 -1 0 0 0 0 0 -1 -1 1 1 0 -1 0 -1 0 1 0 0 1 0 -1 1 0 -1 0 0 1 0 0 0 1 1 1 0 0 -1 
Mice Genes: 1 -1 1 1 0 1 0 0 0 0 0 1 1 0 1 0 0 -1 0 0 0 0 0 0 0 0 1 -1 0 0 0 0 0 1 0 0 0 0 0 0 0 1 0 0 0 0 0 0 0 0 0 0 -1 -1 0 0 0 0 0 0 -1 0 0 0 0 0 0 0 -1 0 -1 0 0 1 0 1 0 0 0 0 0 0 0 -1 0 0 0 0 0 0 0 -1 0 0 0 0 1 0 0 0 0 0 2 0 0 0 0 0 0 0 0 0 0 -2 0 0 -1 1 0 -1 0 1 -1 1 0 0 
Cats Genes: 0 1 -1 0 2 -1 -2 -1 -1 -1 0 1 0 0 0 0 0 0 0 0 1 0 0 -1 0 1 -1 -1 0 0 0 0 0 0 0 1 0 0 0 0 -1 0 0 0 0 0 0 0 0 0 0 0 0 2 0 -1 0 0 0 0 0 0 0 0 1 0 0 1 0 0 -1 0 0 0 1 0 0 0 1 0 0 0 0 0 0 -1 0 0 1 0 0 0 1 0 0 1 0 0 0 -1 0 1 0 -1 0 0 0 -1 0 1 0 1 0 0 0 0 1 1 1 0 1 0 0 0 0 0 
Plants Genes: 0 0 -1 0 0 -1 -1 0 0 -1 -1 1 1 1 0 0 0 0 0 -1 0 2 1 1 0 1 -1 0 0 0 0 0 0 -1 0 0 0 0 1 0 1 0 0 0 0 1 0 0 2 0 -1 0 0 0 2 2 0 0 1 -1 0 0 0 0 0 3 2 1 0 -1 0 0 0 1 0 0 -1 1 -1 -1 0 0 0 1 1 -1 0 0 0 -1 -1 0 0 0 0 0 -1 -1 1 1 0 -1 0 -1 0 1 0 0 1 0 -1 1 0 -1 0 0 1 0 0 0 1 1 1 0 0 -1 
Mice Genes: 1 -1 1 1 0 1 0 0 0 0 0 1 1 0 1 0 0 -1 0 0 0 0 0 0 0 0 1 -1 0 0 0 0 0 1 0 0 0 0 0 0 0 1 0 0 0 0 0 0 0 0 0 0 -1 -1 0 0 0 0 0 0 -1 0 0 0 0 0 0 0 -1 0 -1 0 0 1 0 1 0 0 0 0 0 0 0 -1 0 0 0 0 0 0 0 -1 0 0 0 0 1 0 0 0 0 0 2 0 0 0 0 0 0 0 0 0 0 -2 0 0 -1 1 0 -1 0 1 -1 1 0 0 
Cats Genes: 0 1 -1 1 2 -1 -2 -1 -1 -1 0 1 0 0 0 0 0 0 0 0 1 0 0 -1 0 1 -1 -1 0 0 0 0 0 0 0 1 0 0 0 0 -1 0 0 0 0 0 0 0 0 0 0 0 0 2 0 -1 0 0 0 0 0 0 0 0 1 0 0 1 0 0 -1 0 0 0 1 0 0 0 1 0 0 0 0 0 0 -1 0 0 1 0 0 0 1 0 0 1 0 0 0 -1 0 1 0 -1 0 0 0 -1 0 1 0 1 0 0 0 0 1 1 1 0 1 0 0 0 0 0 
Plants Genes: 0 0 -1 0 0 -1 -1 0 0 -1 -1 1 1 1 0 0 0 0 0 -1 0 2 1 1 0 1 -1 0 0 0 0 0 0 -1 0 0 0 0 1 0 1 0 0 0 0 1 0 0 2 0 -1 0 0 0 2 2 0 0 1 0 0 0 0 0 0 3 2 1 0 -1 0 0 0 1 0 0 -1 1 -1 -1 0 0 0 1 1 -1 0 0 0 -1 -1 0 0 0 0 0 -1 -1 1 1 0 -1 0 -1 0 1 0 0 0 0 -1 1 0 -1 0 0 1 0 0 0 1 1 1 0 0 -1 
Mice Genes: 1 -1 1 1 0 1 0 0 0 0 0 1 1 0 1 0 0 -1 0 0 0 0 0 0 0 0 1 -1 0 0 0 0 0 1 0 0 0 0 0 0 0 1 0 0 0 0 0 0 0 0 0 0 -1 -1 0 0 0 0 0 0 -1 0 0 0 0 0 0 0 -1 0 -1 0 0 1 0 1 0 0 0 0 0 0 0 -1 0 0 0 0 0 0 0 -1 0 0 0 0 0 0 0 0 0 0 2 0 0 0 0 0 0 0 0 0 0 -2 0 0 -1 1 0 -1 0 1 -1 0 0 0 
Cats Genes: 0 1 -1 0 2 -1 -2 -1 -1 -1 0 1 0 0 0 0 0 0 0 0 1 -1 0 -1 0 1 -1 -1 0 0 -1 0 0 0 0 1 0 0 0 0 -1 0 0 0 0 0 0 0 0 0 0 0 0 2 0 -1 0 0 0 0 0 0 0 0 1 0 0 1 0 0 -1 0 0 0 1 0 0 0 1 0 0 0 0 0 0 -1 0 0 1 0 0 0 0 0 0 1 0 0 0 -1 0 1 0 -1 0 0 0 -1 0 1 0 1 0 0 0 0 1 1 1 0 1 0 0 0 0 0 
Plants Genes: 0 0 -1 0 0 -1 -1 0 0 -1 -1 1 1 1 0 0 0 0 0 -1 0 2 1 1 0 1 -1 0 0 0 0 0 0 -1 0 0 0 0 1 0 1 0 0 0 0 1 0 0 2 0 -1 0 0 0 2 2 0 0 1 0 0 0 0 0 0 3 2 1 0 -1 0 0 0 1 0 0 -1 1 -1 -1 0 0 0 1 1 -1 0 0 0 -1 -1 0 0 0 0 0 0 -1 1 1 0 -1 0 -1 0 1 -1 0 0 0 -1 1 0 -1 0 0 1 0 0 0 1 1 1 0 0 -1 
Mice Genes: 1 -2 1 1 0 1 0 0 0 0 0 1 1 0 1 0 0 -1 0 0 0 0 0 0 0 0 1 -1 0 0 0 0 0 1 0 0 0 0 0 0 0 1 0 0 0 0 0 0 0 0 0 0 -1 -1 0 0 0 0 0 0 -1 0 0 0 0 0 0 0 -1 0 -1 0 0 1 0 1 0 0 0 0 0 0 0 -1 0 0 0 0 0 0 0 -1 0 0 0 0 0 0 0 0 0 0 2 0 0 0 0 0 0 0 0 0 0 -2 0 0 -1 1 0 -1 0 1 -1 0 0 0 
Cats Genes: 0 1 -1 0 2 -1 -2 -1 -1 -1 0 1 0 0 0 0 0 0 0 0 1 -1 0 -1 0 1 -1 -1 0 0 0 0 0 0 0 1 0 0 0 0 -1 0 0 0 0 0 0 0 0 0 0 0 0 2 0 -1 0 0 0 0 0 0 0 0 1 0 0 1 0 0 -1 0 0 0 1 0 0 0 1 0 0 0 0 0 0 -1 0 0 1 0 0 0 0 0 0 1 0 0 0 -1 0 1 0 -1 0 0 0 -1 0 1 0 1 0 0 0 0 1 1 1 0 1 0 0 0 0 0 
Plants Genes: 0 0 -1 0 0 -1 -1 0 0 -1 -1 1 1 1 0 0 0 0 0 -1 0 2 1 1 0 1 -1 0 0 0 0 0 0 -1 0 0 0 0 1 0 1 0 0 0 0 1 0 0 2 0 -1 0 0 0 2 2 0 0 1 0 0 0 0 0 0 3 2 1 0 -1 0 0 0 1 0 0 -1 1 -1 -1 0 0 0 1 1 -1 0 0 0 -1 -1 0 0 0 0 0 -1 -1 1 1 0 -1 0 -1 0 1 -1 0 0 0 -1 1 0 -1 0 0 1 0 0 0 1 1 1 0 0 -1 
Mice Genes: 1 -2 1 1 0 1 0 0 0 0 0 1 1 0 1 0 0 -1 0 0 0 0 0 0 0 0 1 -1 0 0 0 0 0 1 0 0 0 0 0 0 0 1 0 0 0 0 0 0 0 0 0 0 -1 -1 0 0 0 0 0 0 -1 0 0 0 0 0 0 0 -1 0 -1 0 0 1 0 1 0 0 0 0 0 0 0 -1 0 0 0 0 0 0 0 -1 0 0 0 0 0 0 0 0 0 0 2 0 0 0 0 0 0 0 0 0 0 -2 0 0 -1 1 0 -1 0 1 -1 1 0 0 
Cats Genes: 0 1 -1 0 2 -1 -2 -1 -1 -1 0 1 0 0 0 0 0 0 0 0 1 0 0 -1 0 1 -1 -1 0 0 -1 0 0 0 0 1 0 0 0 0 -1 0 0 0 0 0 0 0 0 0 0 0 0 2 0 -1 0 0 0 0 0 0 0 0 1 0 0 1 0 0 -1 0 0 0 1 0 0 0 1 0 0 0 0 0 0 -1 0 0 1 0 0 0 1 0 0 1 0 0 0 -1 0 1 0 -1 0 0 0 -1 0 1 0 1 0 0 0 0 1 1 1 0 1 0 0 0 0 0 
Plants Genes: 0 0 -1 0 0 -1 -1 0 0 -1 -1 1 1 1 0 0 0 0 0 -1 0 2 1 1 0 1 -1 0 0 0 0 0 0 -1 0 0 0 0 1 0 1 0 0 0 0 1 0 0 2 0 -1 0 0 0 2 2 0 0 1 0 0 0 0 0 0 3 2 1 0 -1 0 0 0 1 0 0 -1 1 -1 -1 0 0 0 1 1 -1 0 0 0 -1 -1 0 0 0 0 0 -1 -1 1 1 0 -1 0 -1 0 1 -1 0 0 0 -1 1 0 -1 0 0 1 0 0 0 1 1 1 0 0 -1 
Mice Genes: 1 -2 1 1 0 1 0 0 0 0 0 1 1 0 1 0 0 0 0 0 0 0 0 0 0 0 1 -1 0 0 0 0 0 1 0 0 0 0 0 0 0 1 0 0 0 0 0 0 0 0 0 0 -1 -1 0 0 0 0 0 0 -1 0 0 0 0 0 0 0 -1 0 -1 0 0 1 0 1 0 0 0 0 0 0 0 -1 0 0 0 0 0 0 0 -1 0 0 0 0 1 0 0 0 0 0 2 0 0 0 0 0 0 0 0 0 0 -2 0 0 -1 1 0 -1 0 1 -1 1 0 0 
Cats Genes: 0 1 -1 1 1 -1 -2 -1 -1 -1 0 1 0 0 0 0 0 0 0 0 1 -1 0 -1 0 1 -1 -1 0 0 0 0 0 0 0 1 0 0 0 0 -1 0 0 0 0 0 0 0 0 0 0 0 0 2 0 -1 0 0 0 0 0 0 0 0 1 0 0 1 0 0 -1 0 0 0 1 0 0 0 1 0 0 0 0 0 0 -1 0 0 1 0 0 0 0 0 0 1 0 0 0 -1 0 1 0 -1 0 0 0 -1 0 1 0 1 0 0 0 0 1 1 1 0 1 0 0 0 0 0 
Plants Genes: 0 0 -1 0 0 -1 -1 0 0 -1 -1 1 1 1 0 0 0 0 0 -1 0 2 1 1 0 1 -1 0 0 0 0 0 0 -1 0 0 0 0 1 0 1 0 0 0 0 1 0 0 2 0 -1 0 0 0 2 2 0 0 1 0 0 0 0 0 0 3 2 1 0 -1 0 0 0 1 0 0 -1 1 -1 -1 0 0 0 1 1 0 0 0 0 -1 -1 0 0 0 0 0 -1 -1 1 1 0 -1 0 -1 0 1 -1 0 0 0 -1 1 0 -1 0 0 1 0 0 0 1 1 1 0 0 -1 
Mice Genes: 1 -2 1 1 0 1 0 0 0 0 0 1 1 0 1 0 0 0 0 0 0 0 0 0 0 0 1 -1 0 0 0 0 0 1 0 0 0 0 0 0 0 1 0 0 0 0 0 0 0 0 0 0 -1 -1 0 0 0 0 0 0 -1 0 0 0 0 0 0 0 -1 0 -1 0 0 1 0 1 0 0 0 0 0 0 0 -1 0 0 0 0 0 0 0 -1 0 0 0 0 1 0 0 0 0 0 2 0 0 0 0 0 0 0 0 0 0 -2 0 0 -1 1 0 -1 0 1 -1 1 0 0 
Cats Genes: 0 1 -1 1 1 -1 -2 -1 -1 -1 0 1 0 0 0 0 0 0 0 0 1 0 0 -1 0 1 -1 -1 0 0 0 0 0 0 0 1 0 0 0 0 -1 0 0 0 0 0 0 0 0 0 0 0 -1 2 0 -1 0 0 0 0 0 0 0 0 1 0 0 1 0 0 -1 0 0 0 1 0 0 0 1 0 0 0 0 0 0 -1 0 0 1 0 0 0 0 0 0 1 0 0 0 -1 0 1 0 -1 0 0 0 -1 0 1 0 1 0 0 0 0 1 1 1 0 1 0 0 0 0 0 
Plants Genes: 0 0 -1 0 0 -1 -1 0 0 -1 -1 1 1 1 0 0 0 0 0 -1 0 2 1 1 0 1 -1 0 0 0 0 0 0 -1 0 0 0 0 1 0 1 0 0 0 0 1 0 0 2 0 -1 0 0 0 2 2 0 0 1 0 0 0 0 0 0 3 2 1 0 -1 0 0 0 1 0 0 -1 1 -1 -1 0 0 0 1 1 -1 0 0 0 -1 -1 0 0 0 0 0 -1 -1 1 1 0 -1 0 -1 0 1 -1 0 0 0 -1 1 0 -1 0 0 1 0 0 0 1 1 1 0 0 -1 
Mice Genes: 1 -1 1 1 0 1 0 0 0 0 0 1 1 0 1 0 0 0 0 0 0 0 0 0 0 0 1 -1 0 0 0 0 0 1 0 0 0 0 0 0 0 1 0 0 0 0 0 0 0 0 0 0 -1 -1 0 0 0 0 0 0 -1 0 0 0 0 0 0 0 -1 0 -1 0 0 1 0 1 0 0 0 0 0 0 0 -1 0 0 0 0 0 0 0 -1 0 0 0 0 1 0 0 0 0 0 2 0 0 0 0 0 0 0 0 0 0 -2 0 0 -1 1 0 -1 0 1 -1 1 0 0 
Cats Genes: 0 1 -1 1 1 -1 -2 -1 -1 -1 0 1 0 0 0 0 0 0 0 0 1 0 0 -1 0 1 -1 -1 0 0 0 0 0 0 0 1 0 0 0 0 -1 0 0 0 0 0 0 0 0 0 0 0 0 2 0 -1 0 0 0 0 0 0 0 0 1 0 0 1 0 0 -1 0 0 0 1 0 0 0 1 0 0 0 0 0 0 -1 0 0 1 0 0 0 1 0 0 1 0 0 0 -1 0 1 0 -1 0 0 0 -1 0 1 0 1 0 0 0 0 1 1 1 0 1 0 0 0 0 0 
Plants Genes: 0 0 -1 0 0 -1 -1 0 0 -1 -1 1 1 1 0 0 0 0 0 -1 0 2 1 1 0 1 -1 0 0 0 0 0 0 -1 0 0 0 0 1 0 1 0 0 0 0 1 0 0 2 0 -1 0 0 0 2 2 0 0 1 0 0 0 0 0 0 3 2 1 0 -1 0 0 0 1 0 0 -1 1 -1 -1 0 0 0 1 1 -1 0 0 0 -1 -1 0 0 0 0 0 -1 -1 1 1 0 -1 0 -1 0 1 -1 0 0 0 -1 1 0 -1 0 0 1 0 0 0 1 1 1 0 0 -1 
Mice Genes: 1 -1 1 1 0 1 0 0 0 0 0 1 1 0 1 0 0 0 0 0 0 0 0 0 0 0 1 -1 0 0 0 0 0 1 0 0 0 0 0 0 0 1 0 0 0 0 0 0 0 0 0 0 -1 -1 0 0 0 0 0 0 -1 0 0 0 0 0 0 0 -1 0 -1 0 0 1 0 1 0 0 0 0 0 0 0 -1 0 0 0 0 0 0 0 -1 0 0 0 0 1 0 0 0 0 0 2 0 0 0 0 0 0 0 0 0 0 -2 0 0 -1 1 0 -1 0 1 -1 0 0 0 
Cats Genes: 0 1 -1 1 2 -1 -2 -1 -1 -1 0 1 0 0 0 0 0 0 0 0 1 0 0 -1 0 1 -1 -1 0 0 0 0 0 0 0 1 0 0 0 0 -1 0 0 0 0 0 0 0 0 0 0 0 0 2 0 -1 0 0 0 0 0 0 0 0 1 0 0 1 0 0 -1 0 0 0 1 0 0 0 1 0 0 0 0 0 0 -1 0 0 1 0 0 0 0 0 0 1 0 0 0 -1 0 1 0 -1 0 0 0 -1 0 1 0 1 0 0 0 0 1 1 1 0 1 0 0 0 0 0 
Plants Genes: 0 0 -1 0 0 -1 -1 0 0 -1 -1 1 1 1 0 0 0 0 0 -1 0 2 1 1 0 1 -1 0 0 0 0 0 0 -1 0 0 0 0 1 0 1 0 0 0 0 1 0 0 2 0 -1 0 0 0 2 2 0 -1 1 0 0 0 0 0 0 3 2 1 0 -1 0 0 0 1 0 0 -1 1 -1 -1 0 0 0 1 1 -1 0 0 0 -1 -1 0 0 0 0 0 0 -1 1 1 0 -1 0 -1 0 1 -1 0 0 0 -1 1 0 -1 0 0 1 0 0 0 1 1 1 0 0 -1 
Mice Genes: 1 -2 1 1 0 1 0 0 0 0 0 1 1 0 1 0 0 0 0 0 0 0 0 0 0 0 1 -1 0 0 0 0 0 1 0 0 0 0 0 0 0 1 0 0 0 0 0 0 0 0 0 0 -1 -1 0 0 0 0 0 0 -1 0 0 0 0 0 0 0 -1 0 -1 0 0 1 0 1 0 0 0 0 0 0 0 -1 0 0 0 0 0 0 0 -1 0 0 0 0 0 0 0 0 0 0 2 0 0 0 0 0 0 0 0 0 0 -2 0 0 -1 1 0 -1 0 1 -1 1 0 0 
Cats Genes: 0 1 -1 1 2 -1 -2 -1 -1 -1 0 1 0 0 0 0 0 0 0 0 1 0 0 -1 0 1 -1 -1 0 0 0 0 0 0 0 1 0 0 0 0 -1 0 0 0 0 0 0 0 0 0 0 0 0 2 0 -1 0 0 0 0 0 0 0 0 1 0 0 1 0 0 -1 0 0 0 1 0 0 0 1 0 0 0 0 0 0 -1 0 0 1 0 0 0 0 0 0 1 0 0 0 -1 0 1 0 -1 0 0 0 -1 0 1 0 1 0 0 0 0 1 1 1 0 1 0 0 0 0 0 
Plants Genes: 0 0 -1 0 0 -1 -1 0 0 -1 -1 1 1 1 0 0 0 0 0 -1 0 2 1 1 0 1 -1 0 0 0 0 0 0 -1 0 0 0 0 1 0 1 0 0 0 0 1 0 0 2 0 -1 0 0 0 2 2 0 0 1 0 0 0 0 0 0 3 2 1 0 -1 0 0 0 1 0 0 -1 1 -1 -1 0 0 0 1 1 -1 0 0 0 -1 -1 0 0 0 0 0 0 -1 1 1 0 -1 -1 -1 0 1 -1 0 0 0 -1 1 0 -1 0 0 1 0 0 0 1 1 1 0 0 -1 
Mice Genes: 1 -2 1 1 0 1 0 0 0 0 0 1 1 0 1 0 0 0 0 0 0 0 0 0 0 0 1 -1 0 0 0 0 0 1 0 0 0 0 0 0 0 1 0 0 0 0 0 0 0 0 0 0 -1 -1 0 0 0 0 0 0 -1 0 0 0 0 0 0 0 -1 0 -1 0 0 1 0 1 0 0 0 0 0 0 0 -1 0 0 0 0 0 0 0 -1 0 0 0 0 0 0 0 0 0 0 2 0 0 0 0 0 0 0 0 0 0 -2 0 0 -1 1 0 -1 0 1 -1 0 0 0 
Cats Genes: 0 1 -1 1 1 -1 -2 -1 -1 -1 0 1 0 0 0 0 0 0 0 0 1 0 0 -1 0 1 -1 -1 0 0 0 0 0 0 0 1 0 0 0 0 -1 0 0 0 0 0 0 0 0 0 0 0 0 2 0 -1 0 0 0 0 0 0 0 0 1 0 0 1 0 0 -1 0 0 0 1 0 0 0 1 0 0 0 0 0 0 -1 0 0 1 0 0 0 1 0 0 1 0 0 0 -1 0 1 0 -1 0 0 0 -1 0 1 0 1 0 0 0 0 1 1 1 0 1 0 0 0 0 0 
Plants Genes: 0 0 -1 0 0 -1 -1 0 0 -1 -1 1 1 1 0 0 0 0 0 -1 0 2 1 1 0 1 -1 0 0 0 0 0 0 -1 0 0 0 0 1 0 1 0 0 0 0 1 0 0 2 0 -1 0 0 0 2 2 0 0 1 0 0 0 0 0 0 3 2 1 0 -1 0 0 0 1 0 0 -1 1 -1 -1 0 0 0 1 1 -1 0 0 0 -1 -1 0 0 0 0 0 0 -1 1 1 0 -1 0 -1 0 1 0 0 0 0 -1 1 0 -1 0 0 1 0 0 0 1 1 1 0 0 -1 
Mice Genes: 1 -2 1 1 0 1 0 0 0 0 0 1 1 0 1 0 0 0 0 0 0 0 0 0 0 0 1 -1 0 0 0 0 0 1 0 0 0 0 0 0 0 1 0 0 0 0 0 0 0 0 0 0 -1 -1 0 0 0 0 0 0 -1 0 0 0 0 0 0 0 -1 0 -1 0 0 1 0 1 0 0 0 0 0 0 0 -1 0 0 0 0 0 0 0 -1 0 0 0 0 1 0 0 0 0 0 2 0 0 0 0 0 0 0 0 0 0 -2 0 0 -1 1 0 -1 0 1 -1 0 0 0 
Cats Genes: 0 1 -1 1 1 -1 -2 -1 -1 -1 0 1 0 0 0 0 0 0 0 0 1 0 0 -1 0 1 -1 -1 0 0 0 0 0 0 0 1 0 0 0 0 -1 0 0 0 0 0 0 0 0 0 0 0 0 2 0 -1 0 0 0 0 0 0 0 0 1 0 0 1 0 0 -1 0 0 0 1 0 0 0 1 0 1 0 0 0 0 -1 0 0 1 0 0 0 0 0 0 1 0 0 0 -1 0 1 0 -1 0 0 0 -1 0 1 0 1 0 0 0 0 1 1 1 0 1 0 0 0 0 0 
Plants Genes: 0 0 -1 0 0 -1 -1 0 0 -1 -1 1 1 1 0 0 0 0 0 -1 0 2 1 1 0 1 -1 0 0 0 0 0 0 -1 0 0 0 0 1 0 1 0 0 0 0 1 0 0 2 0 -1 0 0 0 2 2 0 0 1 0 0 0 0 0 0 3 2 1 0 -1 0 0 0 1 0 0 -1 1 -1 -1 0 0 0 1 1 -1 0 0 0 -1 -1 0 0 0 0 0 0 -1 1 1 0 -1 -1 -1 0 1 -1 0 0 0 -1 1 0 -1 0 0 1 0 0 0 1 1 1 0 0 -1 
Mice Genes: 1 -1 1 1 0 1 0 0 0 0 0 1 1 0 1 0 0 0 0 0 0 0 0 0 0 0 1 -1 0 0 0 0 0 1 0 0 0 0 0 0 0 1 0 0 0 0 0 0 0 0 0 0 -1 -1 0 0 0 0 0 0 -1 0 0 0 0 0 0 0 -1 0 -1 0 0 1 0 1 0 0 0 0 0 0 0 -1 0 0 0 0 0 0 0 -1 0 0 0 0 1 0 0 0 0 0 2 0 0 0 0 0 0 0 0 0 0 -2 0 0 -1 1 0 -1 0 1 -1 0 0 0 
Cats Genes: 0 1 -1 1 1 -1 -2 -1 -1 -1 0 1 0 0 0 0 0 0 0 0 1 0 0 -1 0 1 -1 -1 0 0 0 0 0 0 0 1 0 0 0 0 -1 0 0 0 0 0 0 0 0 0 0 0 0 2 0 -1 0 0 0 0 0 0 0 0 1 0 0 1 0 0 -1 0 0 0 1 0 0 0 1 0 0 0 0 0 0 -1 0 0 1 0 0 0 1 0 0 1 0 0 0 -1 0 1 0 -1 0 0 0 -1 0 1 0 1 0 0 0 0 1 1 1 0 1 0 0 0 0 0 
Plants Genes: 0 0 -1 0 0 -1 -1 0 0 -1 -1 1 1 1 0 0 0 0 0 -1 0 2 1 1 0 1 -1 0 0 0 0 0 0 -1 0 0 0 0 1 0 1 0 0 0 0 1 0 0 2 0 -1 0 0 0 2 2 0 0 1 0 0 0 0 0 0 3 2 1 0 -1 0 0 0 1 0 0 -1 1 -1 -1 0 0 1 1 1 -1 0 0 0 -1 -1 0 0 0 0 0 0 -1 1 1 0 -1 -1 -1 0 1 0 0 0 0 -1 1 0 -1 0 0 1 0 0 0 1 1 1 0 0 -1 
Mice Genes: 1 -2 1 1 0 1 0 0 0 0 0 1 1 0 1 0 0 0 0 0 0 0 0 0 0 0 1 -1 0 0 0 0 0 1 0 0 0 0 0 0 0 1 0 0 0 0 0 0 0 0 0 0 -1 -1 0 0 0 0 0 0 -1 0 0 0 0 0 0 0 -1 0 -1 0 0 1 0 1 0 0 0 0 0 0 0 -1 0 0 0 0 0 0 0 -1 0 0 0 0 0 0 0 0 0 0 2 0 0 0 0 0 0 0 0 0 0 -2 0 0 -1 1 0 -1 0 1 -1 0 0 0 
Cats Genes: 0 1 -1 1 1 -1 -2 -1 -1 -1 0 1 0 0 0 0 0 0 0 0 1 0 0 -1 0 1 -1 -1 0 0 0 0 0 0 0 1 0 0 0 0 -1 0 0 0 0 0 0 0 0 0 0 0 0 2 1 -1 0 0 0 0 0 0 0 0 1 0 0 1 0 0 -1 0 0 0 1 0 0 0 1 0 0 0 0 0 0 -1 0 0 1 0 0 0 0 0 0 1 0 0 0 -1 0 1 0 -1 0 0 0 -1 0 1 0 1 0 0 0 0 1 1 1 0 1 0 0 0 0 0 
Plants Genes: 0 0 -1 0 0 -1 -1 0 0 -1 -1 1 1 1 0 0 0 0 0 -1 0 2 1 1 0 1 -1 0 0 0 0 0 0 -1 0 0 0 0 1 0 1 0 0 0 0 1 0 0 2 0 -1 0 0 0 2 2 0 0 1 0 0 0 0 0 0 3 2 1 0 -1 0 0 0 1 0 0 -1 1 -1 -1 0 0 0 1 1 -1 0 0 0 -1 -1 0 0 0 0 0 0 -1 1 1 0 -1 0 -1 0 1 -1 0 0 0 -1 1 0 -1 0 0 1 0 0 0 1 1 1 0 0 -1 
Mice Genes: 1 -1 1 1 0 1 0 0 0 0 0 1 1 0 1 0 0 0 0 0 0 0 0 0 0 0 1 -1 0 0 0 0 0 1 0 0 0 0 0 0 0 1 0 0 0 0 0 0 0 0 0 0 -1 -1 0 0 0 0 0 0 -1 0 0 0 -1 0 0 0 -1 0 -1 0 0 1 0 1 0 0 0 0 0 0 0 -1 0 0 0 0 0 0 0 -1 0 0 0 0 1 0 0 0 0 0 2 0 0 0 0 0 0 0 0 0 0 -2 0 0 -1 1 0 -1 0 1 -1 1 0 0 
Cats Genes: 0 1 -1 1 1 -1 -2 -1 -1 -1 0 1 0 0 0 0 0 0 0 0 1 0 0 -1 0 1 -1 -1 0 0 0 0 0 0 0 1 0 0 0 0 -1 0 0 0 0 0 0 0 0 0 0 0 0 2 0 -1 -1 0 0 0 0 0 0 0 1 0 0 1 0 0 -1 0 0 0 1 0 0 0 1 0 0 0 0 0 0 -1 0 0 1 0 0 0 0 0 0 1 0 0 0 -1 0 1 0 -1 0 0 0 -1 0 1 0 1 0 0 0 0 1 1 1 0 1 0 0 0 0 0 
Plants Genes: 0 0 -1 0 0 -1 -1 0 0 -1 -1 1 1 1 0 0 0 0 0 -1 0 2 1 1 0 1 -1 0 0 0 0 0 0 -1 0 0 0 0 1 0 1 0 0 0 0 1 0 0 2 0 -1 0 0 0 2 2 0 0 1 0 0 0 0 0 0 3 2 1 0 -1 0 0 0 1 0 0 -1 1 -1 -1 0 0 0 1 1 -1 0 0 0 -1 -1 0 0 0 0 0 -1 -1 1 1 0 -1 0 -1 0 1 0 0 0 0 -1 1 0 -1 0 0 1 0 0 0 1 1 1 0 0 -1 
Mice Genes: 1 -1 1 1 0 1 0 0 0 0 0 1 1 0 1 0 0 0 0 0 0 0 0 0 0 0 1 -1 0 0 0 0 0 1 0 0 0 0 0 0 0 1 0 0 0 0 0 0 0 0 0 0 -1 -1 0 0 0 0 0 0 -1 0 0 0 0 0 0 0 -1 0 -1 0 0 1 0 1 0 0 0 0 0 0 0 -1 0 0 0 0 0 0 0 -1 0 0 0 0 1 0 0 0 0 0 2 0 0 0 0 0 0 0 0 0 0 -2 0 0 -1 1 0 -1 0 1 -1 1 0 0 
Cats Genes: 0 1 -1 1 1 -1 -2 -1 -1 -1 0 1 0 0 0 0 0 0 0 0 1 0 0 -1 0 1 -1 -1 0 0 0 0 0 0 0 1 0 0 0 0 -1 0 0 0 0 0 0 0 0 0 0 0 0 2 0 -1 0 0 0 0 0 0 0 0 1 0 0 1 0 0 -1 0 0 0 1 0 0 0 1 0 0 0 0 0 0 -1 0 0 1 0 0 0 0 0 0 1 0 0 0 -1 0 1 0 -1 0 0 0 -1 0 1 0 1 0 0 0 0 1 1 1 0 1 0 0 0 0 0 
Plants Genes: 0 0 -1 0 0 -1 -1 0 0 -1 -1 1 1 1 0 0 0 0 0 -1 0 2 1 1 0 1 -1 0 0 0 0 0 0 -1 0 0 0 0 1 0 1 0 0 0 0 1 0 0 2 0 -1 0 0 0 2 2 0 0 1 0 0 0 0 0 0 3 2 1 0 -1 0 0 0 1 0 0 -1 1 -1 -1 0 0 0 1 1 -1 0 0 0 -1 -1 0 0 0 0 0 -1 -1 1 1 0 -1 0 -1 0 1 -1 0 0 0 -1 1 0 -1 0 0 1 0 0 0 1 1 1 0 0 -1 
Mice Genes: 1 -1 1 1 0 1 0 0 0 0 0 1 1 0 1 0 0 0 0 0 0 0 0 0 0 0 1 -1 0 0 0 0 0 1 0 0 0 0 0 0 0 1 0 0 0 0 0 0 0 0 0 0 -1 -1 0 0 0 0 0 0 -1 0 0 0 0 0 0 0 -1 0 -1 0 0 1 0 1 0 0 0 0 0 0 0 -1 0 0 0 0 0 0 0 -1 0 0 0 0 1 0 0 0 0 0 2 0 0 0 0 0 0 0 0 0 0 -2 0 0 -1 1 0 -1 0 1 -1 1 0 0 
Cats Genes: 0 1 -1 1 1 -1 -2 -1 -1 -1 0 1 0 0 0 0 0 0 0 0 1 0 0 -1 0 1 -1 -1 0 0 0 0 0 0 0 1 0 0 0 0 -1 0 0 0 0 0 0 0 0 0 0 0 0 2 0 -1 0 0 0 0 0 0 0 0 1 0 0 1 0 0 -1 0 0 0 1 0 0 0 1 0 0 0 0 0 0 -1 0 0 1 0 0 0 0 0 0 1 0 0 0 -1 0 1 0 -1 0 0 0 -1 0 1 0 1 0 0 0 0 1 1 1 0 1 0 0 0 0 0 
Plants Genes: 0 0 -1 0 0 -1 -1 0 0 -1 -1 1 1 1 0 0 0 0 0 -1 0 2 1 1 0 1 -1 0 0 0 0 0 0 -1 0 0 0 0 1 0 1 0 0 0 0 1 0 0 2 0 -1 0 0 0 2 2 0 0 1 0 0 0 0 0 0 3 2 1 0 -1 0 0 0 1 0 0 -1 1 -1 -1 0 0 0 1 1 -1 0 0 0 -1 -1 0 0 0 0 0 0 -1 1 1 0 -1 0 -1 0 1 0 0 0 0 -1 1 0 -1 0 0 1 0 0 0 1 1 1 0 0 -1 
Mice Genes: 1 -1 1 1 0 1 0 0 0 0 0 1 1 0 1 0 0 0 0 0 0 0 0 0 0 0 1 -1 0 0 0 0 0 1 0 0 0 0 0 0 0 1 0 0 0 0 0 0 0 0 0 0 -1 -1 0 0 0 0 0 0 -1 0 0 0 0 0 0 0 -1 0 -1 0 0 1 0 1 0 0 0 0 0 0 0 -1 0 0 0 0 0 0 0 -1 0 0 0 0 1 0 0 0 0 0 2 0 0 0 0 0 0 0 0 0 0 -2 0 0 -1 1 0 -1 0 1 -1 1 0 0 
Cats Genes: 0 1 -1 1 1 -1 -2 -1 -1 -1 0 1 0 0 0 0 0 0 0 0 1 0 0 -1 0 1 -1 -1 0 0 0 0 0 0 0 1 0 0 0 0 -1 0 0 0 0 0 0 0 0 0 0 0 0 2 0 -1 0 0 0 0 0 0 0 0 1 0 0 1 0 0 -1 0 0 0 1 0 0 0 1 0 0 0 0 0 0 -1 0 0 1 0 0 0 0 0 0 1 0 0 0 -1 0 1 0 -1 0 0 0 -1 0 1 0 1 0 0 0 0 1 1 1 0 1 0 0 0 0 0 
Plants Genes: 0 0 -1 0 0 -1 -1 0 0 -1 -1 1 1 1 0 0 0 0 0 -1 0 2 1 1 0 1 -1 0 0 0 0 0 0 -1 0 0 0 0 1 0 1 0 0 0 0 1 0 0 2 0 -1 0 0 0 2 2 0 0 1 0 0 0 0 0 0 3 2 1 0 -1 0 0 0 1 0 0 -1 1 -1 -1 0 0 0 1 1 -1 0 0 0 -1 -1 0 0 0 0 0 0 -1 1 1 0 -1 0 -1 0 1 -1 0 0 0 -1 1 0 -1 0 0 1 0 0 0 1 1 1 0 0 -1 
Mice Genes: 1 -1 1 1 0 1 0 0 0 0 0 1 1 0 1 0 0 0 0 0 0 0 0 0 0 0 1 -1 0 0 0 0 0 1 0 0 0 0 0 0 0 1 0 0 0 0 0 0 0 0 0 0 -1 -1 0 0 0 0 0 0 -1 0 0 0 0 0 0 0 -1 0 -1 0 0 1 0 1 0 0 0 0 0 0 0 -1 0 0 0 0 0 0 0 -1 0 0 0 0 0 0 0 0 0 0 2 0 0 0 0 0 0 0 0 0 0 -2 0 0 -1 1 0 -1 0 1 -1 1 0 0 
Cats Genes: 0 1 -1 1 1 -1 -2 -1 -1 -1 0 1 0 0 0 0 0 0 0 0 1 0 0 -1 0 1 -1 -1 0 0 0 0 0 0 0 1 0 0 0 0 -1 0 0 0 0 0 0 0 0 0 0 0 0 2 0 -1 0 0 0 0 0 0 0 0 1 0 0 1 0 0 -1 0 0 0 1 0 0 0 1 0 0 0 0 0 0 -1 0 0 1 0 0 0 0 0 0 1 0 0 0 -1 0 1 0 -2 0 0 0 -1 0 1 0 1 0 0 0 0 1 1 1 0 1 0 0 0 0 0 
Plants Genes: 0 0 -1 0 0 -1 -1 0 0 -1 -1 1 1 1 0 0 0 0 0 -1 0 2 1 1 0 1 -1 0 0 0 0 0 0 -1 0 0 0 0 1 0 1 0 0 0 0 1 0 0 2 0 -1 0 0 0 2 2 0 0 1 0 0 0 0 0 0 3 2 1 0 -1 0 0 0 1 0 0 -1 1 -1 -1 0 0 0 1 1 -1 0 0 0 -1 -1 0 0 0 0 0 0 -1 1 1 0 -1 -1 -1 0 1 -1 0 0 0 -1 1 0 -1 0 0 1 0 0 0 1 1 1 0 0 -1 
Mice Genes: 1 -1 1 1 0 1 0 0 0 0 0 1 1 0 1 0 0 0 0 0 0 0 0 0 0 0 1 -1 0 0 0 0 0 1 0 0 0 0 0 0 0 1 0 0 0 0 0 0 0 0 0 0 -1 -1 0 0 0 0 0 0 -1 0 0 0 0 0 0 0 -1 0 -1 0 0 1 0 1 0 0 0 0 0 0 0 -1 0 0 0 0 0 0 0 -1 0 0 0 0 0 0 0 0 0 0 2 0 0 0 0 0 0 0 0 0 0 -2 0 0 -1 1 0 -1 0 1 -1 1 0 0 
Cats Genes: 0 1 -1 1 2 -1 -2 -1 -1 -1 0 1 0 0 0 0 0 0 0 0 1 0 0 -1 0 1 -1 -1 0 0 0 0 0 0 0 1 0 0 0 0 -1 0 0 0 0 0 0 0 0 0 0 0 0 2 0 -1 0 0 0 0 0 0 0 0 1 0 0 1 0 0 -1 0 0 0 1 0 0 0 1 0 0 0 0 0 0 -1 0 0 1 0 0 0 0 0 0 1 0 0 0 -1 0 1 0 -1 0 0 0 -1 0 1 0 1 0 0 0 0 1 1 1 0 1 0 0 0 0 0 
Plants Genes: 0 0 -1 0 0 -1 -1 0 0 -1 -1 1 1 1 0 0 0 0 0 -1 0 2 1 1 0 1 -1 0 0 0 0 0 0 -1 0 0 0 0 1 0 1 0 0 0 0 1 0 0 2 0 -1 0 0 0 2 2 0 0 1 0 0 0 0 0 0 3 2 1 0 -1 0 0 0 1 0 0 -1 1 -1 -1 0 0 0 1 1 -1 0 0 0 -1 -1 0 0 0 0 0 -1 -1 1 1 0 -1 0 -1 0 1 -1 0 0 0 -1 1 0 -1 0 0 1 0 0 0 1 1 1 0 0 -1 
Mice Genes: 1 -2 1 1 0 1 0 0 0 0 0 1 1 0 1 0 0 0 0 0 0 0 0 0 0 0 1 -1 0 0 0 0 0 1 0 0 0 0 0 0 0 1 0 0 0 0 0 0 0 0 0 0 -1 -1 0 0 0 0 0 0 -1 0 0 0 0 0 0 0 -1 0 -1 0 0 1 0 1 0 0 0 0 0 0 0 -1 0 0 0 0 0 0 0 -1 0 0 0 0 0 0 0 0 0 0 2 0 0 0 0 0 0 0 0 0 0 -2 0 0 -1 1 0 -1 0 1 -1 1 0 0 
Cats Genes: 0 1 -1 1 2 -1 -2 -1 -1 -1 1 1 0 0 0 0 0 0 0 0 1 0 0 -1 0 1 -1 -1 0 0 0 0 0 0 0 1 0 0 0 0 -1 0 0 0 0 0 0 0 0 0 0 0 0 2 0 -1 0 0 0 0 0 0 0 0 1 0 0 1 0 0 -1 0 0 0 1 0 0 0 1 0 0 0 0 0 0 -1 0 0 1 0 0 0 0 0 0 1 0 0 0 -1 0 1 0 -2 0 0 0 -1 0 1 0 1 0 0 0 0 1 1 1 0 1 0 0 0 0 0 
Plants Genes: 0 0 -1 0 0 -1 -1 0 0 -1 -1 1 1 1 0 0 0 0 0 -1 0 2 1 1 0 1 -1 0 0 0 0 0 0 -1 0 0 0 0 1 0 1 0 0 0 0 1 0 0 2 0 -1 0 0 0 2 2 0 0 1 0 0 0 0 0 0 3 2 1 0 -1 0 0 0 1 0 0 -1 1 -1 -1 0 0 0 1 1 -1 0 0 0 -1 -1 0 0 0 0 0 0 -1 1 1 0 -1 0 -1 0 1 -1 0 0 0 -1 1 0 -1 0 0 1 0 0 0 1 1 1 0 0 -1 
Mice Genes: 1 -1 1 1 0 1 0 0 0 0 0 1 1 0 1 0 0 0 0 0 0 0 0 0 0 0 1 -1 0 0 0 0 0 1 0 0 0 0 0 0 0 1 0 0 0 0 0 0 0 0 0 0 -1 -1 0 0 0 0 0 0 -1 0 0 0 0 0 0 0 -1 0 -1 0 0 1 0 1 0 0 0 0 0 0 0 -1 0 0 0 0 0 0 0 -1 0 0 0 0 0 0 0 0 0 0 2 0 0 0 0 0 0 0 0 0 0 -2 0 0 -1 1 0 -1 0 1 -1 0 0 0 
Cats Genes: 0 1 -1 1 1 -1 -2 -1 -1 -1 0 1 0 0 0 0 0 0 0 0 1 0 0 -1 0 1 -1 -1 0 0 0 0 0 0 0 1 0 0 0 0 -1 0 0 0 0 0 0 0 0 0 0 0 0 2 0 -1 0 0 0 0 0 0 0 0 1 0 0 1 0 0 -1 0 0 0 1 0 0 0 1 0 0 0 0 0 0 -1 0 0 1 0 0 0 0 0 0 1 0 0 0 -1 0 1 0 -1 0 0 0 -1 0 1 0 1 0 0 0 0 1 1 1 0 1 0 0 0 0 0 
Plants Genes: 0 0 -1 0 0 -1 -1 0 0 -1 -1 1 1 1 0 0 0 0 0 -1 0 2 1 1 0 1 -1 0 0 0 0 0 0 -1 0 0 0 0 1 0 1 0 0 0 0 1 0 0 2 0 -1 0 0 0 2 2 0 0 1 0 0 0 0 0 0 3 2 1 0 -1 0 0 0 1 0 0 -1 1 -1 -1 0 0 0 1 1 -1 0 0 0 -1 -1 0 0 0 0 0 -1 -1 1 1 0 -1 0 -1 0 1 0 0 0 0 -1 1 0 -1 0 0 1 0 0 0 1 1 1 0 0 -1 
Mice Genes: 1 -1 1 1 0 1 0 0 0 0 0 1 1 0 1 0 0 -1 0 0 0 0 0 0 0 0 1 -1 0 0 0 0 0 1 0 0 0 0 0 0 0 1 0 0 0 0 0 0 0 0 0 0 -1 -1 0 0 0 0 0 0 -1 0 0 0 0 0 0 0 -1 0 -1 0 0 1 0 1 0 0 0 0 0 0 0 -1 0 0 0 0 0 0 0 -1 0 0 0 0 1 0 0 0 0 0 2 0 0 0 0 0 0 0 0 0 0 -2 0 0 -1 1 0 -1 0 1 -1 1 0 0 
Cats Genes: 0 1 -1 1 1 -1 -2 -1 -1 -1 0 1 0 0 0 0 0 0 0 0 1 -1 0 -1 0 1 -1 -1 0 0 -1 0 0 0 0 1 0 0 0 0 -1 0 0 0 0 0 0 0 0 0 0 0 0 2 0 -1 0 0 0 0 0 0 0 0 1 0 0 1 0 0 -1 0 0 0 1 0 0 0 1 0 0 0 0 0 0 -1 0 0 1 0 0 0 0 0 0 1 0 0 0 -1 0 1 0 -1 0 0 0 -1 0 1 0 1 0 0 0 0 1 1 1 0 1 0 0 0 0 0 
Plants Genes: 0 0 -1 0 0 -1 -2 0 0 -1 -1 1 1 1 0 0 0 0 0 -1 0 2 1 1 0 1 -1 0 0 0 0 0 0 -1 0 0 0 0 1 0 1 0 0 0 0 1 0 0 2 0 -1 0 0 0 2 2 0 0 1 0 0 0 0 0 0 3 2 1 0 -1 0 0 0 1 0 0 -1 1 -1 -1 0 0 0 1 1 -1 0 0 0 -1 -1 0 0 0 0 0 -1 -1 1 1 0 -1 0 -1 0 1 0 0 0 0 -1 1 0 -1 0 0 1 0 0 0 1 1 1 0 0 -1 
Mice Genes: 1 -1 1 1 0 1 0 0 0 0 0 1 1 0 1 0 0 -1 0 0 0 0 0 0 0 0 1 -1 0 0 0 0 0 1 0 0 0 0 0 0 0 1 0 0 0 0 0 0 0 0 0 0 -1 -1 0 0 0 0 0 0 -1 0 0 0 0 0 0 0 -1 0 -1 0 0 1 0 1 0 0 0 0 0 0 0 -1 0 0 0 0 0 0 0 -1 0 0 0 0 1 0 0 0 0 0 2 0 0 0 0 0 0 0 0 0 0 -2 0 0 -1 1 0 -1 0 1 -1 1 0 0 
Cats Genes: 0 1 -1 1 2 -1 -2 -1 -1 -1 0 1 0 0 0 0 0 0 0 0 1 0 0 -1 0 1 -1 -1 0 0 -1 0 0 0 0 1 0 0 0 0 -1 0 0 0 0 0 0 0 0 0 0 0 0 2 0 -1 0 0 0 0 0 0 0 0 1 0 0 1 0 0 -1 0 0 0 1 0 0 0 1 0 0 0 0 0 0 -1 0 0 1 0 0 0 0 0 0 1 0 0 0 -1 0 1 0 -1 0 0 0 -1 0 1 0 1 0 0 0 0 1 1 1 0 1 0 0 0 0 0 
Plants Genes: 0 0 -1 0 0 -1 -2 0 0 -1 -1 1 1 1 0 0 0 0 0 -1 0 2 1 1 0 1 -1 0 0 0 0 0 0 -1 0 0 0 0 1 0 1 0 0 0 0 1 0 0 2 0 -1 0 0 0 2 2 0 0 1 0 0 0 0 0 0 3 2 1 0 -1 0 0 0 1 0 0 -1 1 -1 -1 0 0 0 1 1 -1 0 0 0 -1 -1 0 0 0 0 0 -1 -1 1 1 0 -1 0 -1 0 1 0 0 0 0 -1 1 0 -1 0 0 1 0 0 0 1 1 1 0 0 -1 
Mice Genes: 1 -1 1 1 0 1 0 0 0 0 0 1 1 0 1 0 0 -1 0 0 0 0 0 0 0 0 1 -1 0 0 0 0 0 1 0 0 0 0 0 0 0 1 0 0 0 0 0 0 0 0 0 0 -1 -1 0 0 0 0 0 0 -1 0 0 0 0 0 0 0 -1 0 -1 0 0 1 0 1 0 0 0 0 0 0 0 -1 0 0 0 0 0 0 0 -1 0 0 0 0 1 0 0 0 0 0 2 0 0 0 0 0 0 0 0 0 0 -2 0 0 -1 1 0 -1 0 1 -1 1 0 0 
Cats Genes: 0 1 -1 1 1 -1 -2 -1 -1 -1 0 1 0 0 0 0 0 0 0 0 1 -1 0 -1 0 1 -1 -1 0 0 -1 0 0 0 0 1 0 0 0 0 -1 0 0 0 0 0 0 0 0 0 0 0 0 2 0 -1 0 0 0 0 0 0 0 0 1 0 0 1 0 0 -1 0 0 0 1 0 0 0 1 0 0 0 0 0 0 -1 0 0 1 0 0 0 0 0 0 1 0 0 0 -1 0 1 0 -1 0 0 0 -1 0 1 0 1 0 0 0 0 1 1 1 0 1 0 0 0 0 0 
Plants Genes: 0 0 -1 0 0 -1 -1 0 0 -1 -1 1 1 1 0 0 0 0 0 -1 0 2 1 1 0 1 -1 0 0 0 0 0 0 -1 0 0 0 0 1 0 1 0 0 0 0 1 0 0 2 0 -1 0 0 0 2 2 0 0 1 0 0 0 0 0 0 3 2 1 0 -1 0 0 0 1 0 0 -1 1 -1 -1 0 0 0 1 1 -1 0 0 0 -1 -1 0 0 0 0 0 -1 -1 1 1 0 -1 0 -1 0 1 0 0 0 0 -1 1 0 -1 0 0 1 0 0 0 1 1 1 0 0 -1 
Mice Genes: 1 -1 1 1 0 0 0 0 0 0 0 1 1 0 1 0 0 0 0 0 0 0 0 0 0 0 1 -1 0 0 0 0 0 1 0 0 0 0 0 0 0 1 0 0 0 0 0 0 0 0 0 0 -1 -1 0 0 0 0 0 0 -1 0 0 0 0 0 0 0 -1 0 -1 0 0 1 0 1 0 0 0 0 0 0 0 -1 0 0 0 0 0 0 0 -1 0 0 0 0 1 0 0 0 0 0 2 0 0 0 0 0 0 0 0 0 0 -2 0 0 -1 1 0 -1 0 1 -1 1 0 0 
Cats Genes: 0 1 -1 1 1 -1 -2 -1 -1 -1 0 1 0 0 0 0 0 0 0 0 1 -1 0 -1 0 1 -1 -1 0 0 -1 0 0 0 0 1 0 0 0 0 -1 0 0 0 0 0 0 0 0 0 0 0 0 2 0 -1 0 0 0 0 0 0 0 0 1 0 0 1 0 0 -1 0 0 0 1 0 0 0 1 0 0 0 0 0 0 -1 0 0 1 0 0 0 0 0 0 1 0 0 0 -1 0 1 0 -1 0 0 0 -1 0 1 0 1 0 0 0 0 1 1 1 0 1 0 0 0 0 0 
Plants Genes: 0 0 -1 0 0 -1 -1 0 0 -1 -1 1 1 1 0 0 0 0 0 -1 0 2 1 1 0 1 -1 0 0 0 0 0 0 -1 0 0 0 0 1 0 1 0 0 0 0 1 0 0 2 0 -1 0 0 0 2 2 0 0 1 0 0 0 0 0 0 3 2 1 0 -1 0 0 0 1 0 0 -1 1 -1 -1 0 0 0 1 1 -1 0 0 0 -1 -1 0 0 0 0 0 0 -1 1 1 0 -1 0 -1 0 1 0 0 0 0 0 1 0 -1 0 0 1 0 0 0 1 1 1 0 0 -1 
Mice Genes: 1 -1 1 1 0 1 0 0 0 0 0 1 1 0 1 0 0 0 0 0 0 0 0 0 0 0 1 -1 0 0 0 0 0 1 0 0 0 0 0 0 0 1 0 0 0 0 0 0 0 0 0 0 -1 -1 0 0 0 0 0 0 -1 0 0 0 0 0 0 0 -1 0 -1 0 0 1 0 1 0 0 0 0 0 0 0 -1 0 0 0 0 0 0 0 -1 0 0 0 0 0 0 0 0 0 0 2 0 0 0 0 0 0 0 0 0 0 -2 0 0 -1 1 0 -1 0 1 -1 0 0 0 
Cats Genes: 0 1 -1 1 2 -1 -2 -1 -1 -1 0 1 0 0 0 0 0 0 0 0 1 0 0 -1 0 1 -1 -1 0 0 0 0 0 0 0 1 0 0 0 0 -1 0 0 0 0 0 0 0 0 0 0 0 0 2 0 -1 0 0 0 0 0 0 0 0 1 0 0 1 0 0 -1 0 0 0 1 0 0 0 1 0 0 0 0 0 0 -1 0 0 1 0 0 0 0 0 0 1 0 0 0 -1 0 1 0 -1 0 -1 0 -1 0 1 0 1 0 0 0 0 1 1 1 0 1 0 0 0 0 0 
Plants Genes: 0 0 -1 0 0 -1 -1 0 0 -1 -1 1 1 1 0 0 0 0 0 -1 0 2 1 1 0 1 -1 0 0 0 0 0 0 -1 0 0 0 0 1 0 1 0 0 0 0 1 0 0 3 0 -1 0 0 0 2 2 0 0 1 0 0 0 0 0 0 3 2 1 0 -1 0 0 0 1 0 0 -1 1 -1 -1 0 0 0 1 1 -1 0 0 0 -1 -1 0 0 0 0 0 0 -1 1 1 0 -1 0 -1 0 1 0 0 0 0 -1 1 0 -1 0 0 1 0 0 0 1 1 1 0 0 -1 
Mice Genes: 1 -1 1 1 0 1 0 0 0 0 0 1 1 0 1 0 0 0 0 0 0 0 0 0 0 0 1 -1 0 0 0 0 0 1 0 0 0 0 0 0 0 1 0 0 0 0 0 0 0 0 0 0 -1 -1 0 0 0 0 0 0 -1 0 0 0 0 0 0 0 -1 0 -1 0 0 1 0 1 0 0 0 0 0 0 0 -1 0 0 0 0 0 0 0 -1 0 0 0 0 0 0 0 0 0 0 2 0 0 0 0 0 0 0 0 0 0 -2 0 0 -1 1 0 -1 0 1 -1 0 0 0 
Cats Genes: 0 1 -1 1 2 -1 -2 -1 -1 -1 0 1 0 0 0 0 0 0 0 0 1 0 0 -1 0 1 -1 -1 0 0 0 0 0 0 0 1 0 0 0 0 -1 0 0 0 0 0 0 0 0 0 0 0 0 2 0 -1 0 0 0 0 0 0 0 0 1 0 0 1 0 0 -1 0 0 0 1 0 0 0 1 0 0 0 0 0 0 -1 0 0 1 0 0 0 0 0 0 1 0 0 0 -1 0 1 0 -2 0 0 0 -1 0 1 0 1 0 0 0 0 1 1 1 0 1 0 0 0 0 0 
Plants Genes: 0 0 -1 0 0 -1 -1 0 0 -1 -1 1 1 1 0 0 0 0 0 -1 0 2 1 1 0 1 -1 0 0 0 0 0 0 -1 0 0 0 0 1 0 1 0 0 0 0 1 0 0 2 0 -1 0 0 0 2 2 0 0 1 0 0 0 0 0 0 3 2 1 0 -1 0 0 0 1 0 0 -1 1 -1 -1 0 0 0 1 1 -1 0 0 0 -1 -1 0 0 0 0 0 0 -1 1 1 0 -1 0 -1 0 1 0 0 0 0 -1 1 0 -1 0 0 1 0 0 0 1 1 1 0 0 -1 
Mice Genes: 1 -1 1 1 0 1 0 0 0 0 0 1 1 0 1 0 0 0 0 0 0 0 0 0 0 0 1 -1 0 0 0 0 0 1 0 0 0 0 0 0 0 1 0 0 0 0 0 0 0 0 0 0 -1 -1 0 0 0 0 0 0 -1 0 0 0 0 0 0 0 -1 0 -1 0 0 1 0 1 0 0 0 0 0 0 0 -1 0 0 0 0 0 0 0 -1 0 0 0 0 0 0 0 0 0 0 2 0 0 0 0 0 0 0 0 0 0 -2 0 0 -1 1 0 -1 0 1 -1 0 0 0 
Cats Genes: 0 1 -1 1 2 -1 -2 -1 -1 -1 0 1 0 0 0 0 0 0 0 0 1 0 0 -1 0 1 -1 -1 0 0 0 0 0 0 0 1 0 0 0 0 -1 0 0 0 0 0 0 0 0 0 0 0 0 2 0 -1 0 0 0 0 0 0 0 0 1 0 0 1 0 0 -1 0 0 0 1 0 0 0 1 0 0 0 0 0 0 -1 0 0 1 0 0 0 0 0 0 1 0 0 0 -1 0 1 0 -2 0 -1 0 -1 0 1 0 1 0 0 0 0 1 1 1 0 1 0 0 0 0 0 
Plants Genes: 0 0 -1 0 0 -1 -1 0 0 -1 -1 1 1 1 0 0 0 0 0 -1 0 2 1 1 0 1 -1 0 0 0 0 0 0 -1 0 0 0 0 1 0 1 0 0 0 0 1 0 0 2 0 -1 0 0 0 2 2 0 0 1 0 0 0 0 0 0 3 2 1 0 -1 0 0 0 1 0 0 -1 1 -1 -1 0 0 0 1 1 -1 0 0 0 -1 -1 0 0 0 0 0 0 -1 1 1 0 -1 0 -1 0 1 0 0 0 0 -1 1 0 -1 0 0 1 0 0 0 1 1 1 0 0 -1 
Mice Genes: 1 -2 1 1 0 1 0 0 0 0 0 1 1 0 1 0 0 0 0 0 0 0 0 0 0 0 1 -1 0 0 0 0 0 1 0 0 0 0 0 0 0 1 0 0 0 0 0 0 0 0 0 0 -1 -1 0 0 0 0 0 0 -1 0 0 0 0 0 0 0 -1 0 -1 0 0 1 0 1 0 0 0 0 0 0 0 -1 0 0 0 0 0 0 0 -1 0 0 0 0 0 0 0 0 0 0 2 0 0 0 0 0 0 0 0 0 0 -2 0 0 -1 1 0 -1 0 1 -1 0 0 0 
Cats Genes: 0 1 -1 1 1 -1 -2 -1 -1 -1 0 1 0 0 0 0 0 0 0 0 1 0 0 -1 0 1 -1 -1 0 0 0 0 0 0 0 1 0 0 0 0 -1 0 0 0 0 0 0 0 0 0 0 0 0 2 0 -1 0 0 0 0 0 0 0 0 1 0 0 1 0 0 -1 0 0 0 1 0 0 0 1 0 0 0 0 0 0 -1 0 0 1 0 0 0 0 0 0 1 0 0 0 -1 0 1 0 -1 0 0 0 -1 0 1 0 1 0 0 0 0 1 1 1 0 1 0 0 0 0 0 
Plants Genes: 0 0 -1 0 0 -1 -1 0 0 -1 -1 1 1 1 0 0 0 0 0 -1 0 2 1 1 0 1 -1 0 0 0 0 0 0 -1 0 0 0 0 1 0 1 0 0 0 0 1 0 0 2 0 -1 0 0 0 2 2 0 0 1 0 0 0 0 0 0 3 2 1 0 -1 0 0 0 1 0 0 -1 1 -1 -1 0 0 0 1 1 -1 0 0 0 -1 -1 0 0 0 0 0 -1 -1 1 1 0 -1 -1 -1 0 1 -1 0 0 0 -1 1 0 -1 0 0 1 0 0 0 1 1 1 0 0 -1 
Mice Genes: 1 -1 1 1 0 1 0 0 0 0 0 1 1 0 1 0 0 -1 0 0 0 0 0 0 0 0 1 -1 0 0 0 0 0 1 0 0 0 0 0 0 0 1 0 0 0 0 0 0 0 0 0 0 -1 -1 0 0 0 0 0 0 -1 0 0 0 0 0 0 0 -1 0 -1 0 0 1 0 1 0 0 0 0 0 0 0 -1 0 0 0 0 0 0 0 -1 0 0 0 0 1 0 0 0 0 0 2 0 0 0 0 0 0 0 0 0 0 -2 0 0 -1 1 0 -1 0 1 -1 1 0 0 
Cats Genes: 0 1 -1 1 2 -1 -2 -1 -1 -1 0 1 0 0 0 0 0 0 0 0 1 0 0 -1 0 1 -1 -1 0 0 0 0 0 0 0 1 0 0 0 0 -1 0 0 0 0 0 0 0 0 0 0 0 0 2 0 -1 0 0 0 0 0 0 0 0 1 0 0 1 0 0 -1 0 0 0 1 0 0 0 1 0 0 0 0 0 0 -1 0 0 1 0 0 0 1 0 0 1 0 0 0 -1 0 1 0 -1 0 0 0 -1 0 1 0 1 0 0 0 0 1 1 1 0 1 0 0 0 0 0 
Plants Genes: 0 0 -1 0 0 -1 -1 0 0 -1 -1 1 1 1 0 0 0 0 0 -1 0 2 1 1 0 1 -1 0 0 0 0 0 0 -1 0 0 0 0 1 0 1 0 0 0 0 1 0 0 2 0 -1 0 0 0 2 2 0 0 1 0 0 0 0 0 0 3 2 1 0 -1 0 0 0 1 0 0 -1 1 -1 -1 0 0 0 1 1 -1 0 0 0 -1 -1 0 0 0 0 0 -1 -1 1 1 0 -1 0 -1 0 1 -1 0 0 0 -1 1 0 -1 0 0 1 0 0 0 1 1 1 0 0 -1 
Mice Genes: 1 -1 1 1 0 1 0 0 0 0 0 1 1 0 1 0 0 0 0 0 0 0 0 0 0 0 1 -1 0 0 0 0 0 1 0 0 0 0 0 0 0 1 0 0 0 0 0 0 0 0 0 0 -1 -1 0 0 0 0 0 0 -1 0 0 0 0 0 0 0 -1 0 -1 0 0 1 0 1 0 0 0 0 0 0 0 -1 0 0 0 0 0 0 0 -1 0 0 0 0 1 0 0 0 0 0 2 0 0 0 0 0 0 0 0 0 0 -2 0 0 -1 1 0 -1 0 1 -1 1 0 0 
Cats Genes: 0 1 -1 1 2 -1 -2 -1 -1 -1 0 1 0 0 0 0 0 0 0 0 1 0 0 -1 0 1 -1 -1 0 0 0 0 0 0 0 1 0 0 0 0 -1 0 0 0 0 0 0 0 0 0 0 0 0 2 0 -1 0 0 0 0 0 0 0 0 1 0 0 1 0 0 -1 0 0 0 1 0 0 0 1 0 0 0 0 0 0 -1 0 0 1 0 0 0 1 0 0 1 0 0 0 -1 0 1 0 -1 0 0 0 -1 0 1 0 1 0 0 0 0 1 1 1 0 1 0 0 0 0 0 
Plants Genes: 0 0 -1 0 0 -1 -1 0 0 -1 -1 1 1 1 0 0 0 0 0 -1 0 2 1 1 0 1 -1 0 0 0 0 0 0 -1 0 0 0 0 1 0 1 0 0 0 0 1 0 0 2 0 -1 0 0 0 2 2 0 0 1 0 0 0 0 0 0 3 2 1 0 -1 0 0 0 1 0 0 -1 1 -1 -1 0 0 0 1 1 -1 0 0 0 -1 -1 0 0 0 0 0 0 -1 1 1 0 -1 0 -1 0 1 -1 0 0 0 -1 1 0 -1 0 0 1 0 0 0 1 1 1 0 0 -1 
Mice Genes: 1 -1 1 1 0 1 0 0 0 0 0 1 1 0 1 0 0 -1 0 0 0 0 0 0 0 0 1 -1 0 0 0 0 0 1 0 0 0 0 0 0 0 1 0 0 0 0 0 0 0 0 0 0 -1 -1 0 0 0 0 0 0 -1 0 0 0 0 0 0 0 -1 0 -1 0 0 1 0 1 0 0 0 0 0 0 0 -1 0 0 0 0 0 0 0 -1 0 0 0 0 1 0 0 0 0 0 2 0 0 0 0 0 0 0 0 0 0 -2 0 0 -1 1 0 -1 0 1 -1 1 0 0 
Cats Genes: 0 1 -1 1 2 -1 -2 -1 -1 -1 0 1 0 0 0 0 0 0 0 0 1 0 0 -1 0 1 -1 -1 0 0 0 0 0 0 0 1 0 0 0 0 -1 0 0 0 0 0 0 0 0 0 0 0 0 2 0 -1 0 0 0 0 0 0 0 0 1 0 0 1 0 0 -1 0 0 0 1 0 0 0 1 0 0 0 0 0 0 -1 0 0 1 0 0 0 1 0 0 1 0 0 0 -1 0 1 0 -1 0 0 0 -1 0 1 0 1 0 0 0 0 1 1 1 0 1 0 0 0 0 0 
Plants Genes: 0 0 -1 0 0 -1 -1 0 0 -1 -1 1 1 1 0 0 0 0 0 -1 0 2 1 1 0 1 -1 0 0 0 0 0 0 -1 0 0 0 0 1 0 1 0 0 0 0 1 0 0 2 0 -1 0 0 0 2 2 0 0 1 0 0 0 0 0 0 3 2 1 0 -1 0 0 0 1 0 0 -1 1 -1 -1 0 0 0 1 1 -1 0 0 0 -1 -1 0 0 0 0 0 0 -1 1 1 0 -1 0 -1 0 1 -1 0 0 0 -1 1 0 -1 0 0 1 0 0 0 1 1 1 0 0 -1 
Mice Genes: 1 -1 1 1 0 1 0 0 0 0 0 1 1 0 1 0 0 0 0 0 0 0 0 0 0 0 1 -1 0 0 0 0 0 1 0 0 0 0 0 0 0 1 0 0 0 0 0 0 0 0 0 0 -1 -1 0 0 0 0 0 0 -1 0 0 0 0 0 0 0 -1 0 -1 0 0 1 0 1 0 0 0 0 0 0 0 -1 0 0 0 0 0 0 0 -1 0 0 0 0 1 0 0 0 0 0 2 0 0 0 0 0 0 0 0 0 0 -2 0 0 -1 1 0 -1 0 1 -1 1 0 0 
Cats Genes: 0 1 -1 1 1 -1 -2 -1 -1 -1 0 1 0 0 0 0 0 0 0 0 1 0 0 -1 0 1 -1 -1 0 0 0 0 0 0 0 1 0 0 0 0 -1 0 0 0 0 0 0 0 0 0 0 0 0 2 0 -1 0 0 0 0 0 0 0 0 1 0 0 1 0 0 -1 0 0 0 1 0 0 0 1 0 0 0 0 0 0 -1 0 0 1 0 0 0 1 0 0 1 0 0 0 -1 0 1 0 -1 0 0 0 -1 0 1 0 1 0 0 0 0 1 1 1 0 1 0 0 0 0 0 
Plants Genes: 0 0 -1 0 0 -1 -1 0 0 -1 -1 1 1 1 0 0 0 0 0 -1 0 2 1 1 0 1 -1 0 0 0 0 0 0 -1 0 0 0 0 1 0 1 0 0 0 0 1 0 0 2 0 -1 0 0 0 2 2 0 0 1 0 0 0 0 0 0 3 2 1 0 -1 0 0 0 1 0 0 -1 1 -1 -1 0 0 0 1 1 -1 0 0 0 -1 -1 0 0 0 0 0 0 -1 1 1 0 -1 -1 -1 0 1 0 0 0 0 -1 1 0 -1 0 0 1 0 0 0 1 1 1 0 0 -1 
Mice Genes: 1 -1 1 1 0 1 0 0 0 0 0 1 1 0 1 0 0 0 0 0 0 0 0 0 0 0 1 -1 0 0 0 0 0 1 0 0 0 0 0 0 0 1 0 0 0 0 0 0 0 0 0 0 -1 -1 0 0 0 0 0 0 -1 0 0 0 0 0 0 0 -1 0 -1 0 0 1 0 1 0 0 0 0 0 0 0 -1 0 0 0 0 0 0 0 -1 0 0 0 0 1 0 0 0 0 0 2 0 0 0 0 0 0 0 0 0 0 -2 0 0 -1 1 0 -1 0 1 -1 1 0 0 
Cats Genes: 0 1 -1 1 2 -1 -2 -1 -1 -1 0 1 0 0 0 0 0 0 0 0 1 0 0 -1 0 1 -1 -1 0 0 0 0 0 0 0 1 0 0 0 0 -1 0 0 0 0 0 0 0 0 0 0 0 0 2 0 -1 0 0 0 0 0 0 0 0 1 0 0 1 0 0 -1 0 0 0 1 0 0 0 1 0 0 0 0 0 0 -1 0 0 1 0 0 0 0 0 0 1 0 0 0 -1 0 1 0 -1 0 0 0 -1 0 1 0 1 0 0 0 -1 1 1 1 0 1 0 0 0 0 0 
Plants Genes: 0 0 -1 0 0 -1 -1 0 0 -1 -1 1 1 1 0 0 0 0 0 -1 0 2 1 1 0 1 -1 0 0 0 0 0 0 -1 0 0 0 0 1 0 1 0 0 0 0 1 0 0 2 0 -1 0 0 0 2 2 0 0 1 0 0 0 0 0 0 3 2 1 0 -1 0 0 0 1 0 0 -1 1 -1 -1 0 0 0 1 1 -1 0 0 0 -1 -1 0 0 0 0 0 0 -1 1 1 0 -1 -1 -1 0 1 0 0 0 0 -1 1 0 -1 0 0 1 0 0 0 1 1 1 0 0 -1 
Mice Genes: 1 -1 1 1 0 1 0 0 0 0 0 1 1 0 1 0 0 -1 0 0 0 0 0 0 0 0 1 -1 0 0 0 0 0 1 0 0 0 0 0 0 0 1 0 0 0 0 0 0 0 0 0 0 -1 -1 0 0 0 0 0 0 -1 0 0 0 0 0 0 0 -1 0 -1 0 0 1 0 1 0 0 0 0 0 0 0 -1 0 0 0 0 0 0 0 -1 0 0 0 0 1 0 0 0 0 0 2 0 0 0 0 0 0 0 0 0 0 -2 0 0 -1 1 0 -1 0 1 -1 1 0 0 
Cats Genes: 0 1 -1 1 1 -1 -2 -1 -1 -1 0 1 0 0 0 0 0 0 0 0 1 0 0 -1 0 1 -1 -1 0 0 0 0 0 0 0 1 0 0 0 0 -1 0 0 0 0 0 0 0 0 0 0 0 0 2 0 -1 0 0 0 0 0 0 0 0 1 0 0 1 0 0 -1 0 0 0 1 0 0 0 1 0 0 0 0 0 0 -1 0 0 1 0 0 0 0 0 0 1 0 0 0 -1 0 1 0 -1 0 0 0 -1 0 1 0 1 0 0 0 0 1 1 1 0 1 0 0 0 0 0 
Plants Genes: 0 0 -1 0 0 -1 -1 0 0 -1 -1 1 1 1 0 0 0 0 0 -1 0 2 1 1 0 1 -1 0 0 0 0 0 0 -1 0 0 0 0 1 0 1 0 0 0 0 1 0 0 2 0 -1 0 0 0 2 2 0 0 1 0 0 0 0 0 0 3 2 1 0 -1 0 0 0 1 0 0 -1 1 -1 -1 0 0 0 1 1 -1 0 0 0 -1 -1 0 0 0 0 0 0 -1 1 1 0 -1 -1 -1 0 1 0 0 0 0 -1 1 0 -1 0 0 1 0 0 0 1 1 1 0 0 -1 
Mice Genes: 1 -1 1 1 0 1 0 0 0 0 0 1 1 0 1 0 0 -1 0 0 0 0 0 0 0 0 1 -1 0 0 0 0 0 1 0 0 0 0 0 0 0 1 0 0 0 0 0 0 0 0 0 0 -1 -1 0 0 0 0 0 0 -1 0 0 0 0 0 0 0 -1 0 -1 0 0 1 0 1 0 0 0 0 0 0 0 -1 0 0 0 0 0 0 0 -1 0 0 0 0 1 0 0 0 0 0 2 0 0 0 0 0 0 0 0 0 0 -2 0 0 -1 1 0 -1 0 1 -1 1 0 0 
Cats Genes: 0 1 -1 0 2 -1 -2 -1 -1 -1 0 1 0 0 0 0 0 0 0 0 1 0 0 -1 0 1 -1 -1 0 0 0 0 0 0 0 1 0 0 0 0 -1 0 0 0 0 0 0 0 0 0 0 0 0 2 0 -1 0 0 0 0 0 0 0 0 1 0 0 1 0 0 -1 0 0 0 1 0 0 0 1 0 0 0 0 0 0 -1 0 0 1 0 0 0 0 0 0 1 0 0 0 -1 0 1 0 -1 0 0 0 -1 0 1 0 1 0 0 0 0 1 1 1 0 1 0 0 0 0 0 
Plants Genes: 0 0 -1 0 0 -1 -1 0 0 -1 -1 1 1 1 0 0 0 0 0 -1 0 2 1 1 0 1 -1 0 0 0 0 0 0 -1 0 0 0 0 1 0 1 0 0 0 0 1 0 0 2 0 -1 0 0 0 2 2 0 0 1 0 0 0 0 0 0 3 2 1 0 -1 0 0 0 1 0 0 -1 1 -1 -1 0 0 0 1 1 -1 0 0 0 -1 -1 0 0 0 0 0 0 -1 1 1 0 -1 -1 -1 0 1 0 0 0 0 -1 1 0 -1 0 0 1 0 0 0 1 1 1 0 0 -1 
Mice Genes: 1 -1 1 1 0 1 0 0 0 0 0 1 1 0 1 0 0 -1 0 0 0 0 0 0 0 0 1 -1 0 0 0 0 0 1 0 0 0 0 0 0 0 1 0 0 0 0 0 0 0 0 0 0 -1 -1 0 0 0 0 0 0 -1 0 0 0 0 0 0 0 -1 0 -1 0 0 1 0 1 0 0 0 0 0 0 0 -1 0 0 0 0 0 0 0 -1 0 0 0 0 1 0 0 0 0 0 2 0 0 0 0 0 0 0 0 0 0 -2 0 0 -1 1 0 -1 0 1 -1 1 0 0 
Cats Genes: 0 1 -1 1 2 -1 -2 -1 -1 -1 0 1 0 0 0 0 0 0 0 0 1 0 0 -1 0 1 -1 -1 0 0 0 0 0 0 0 1 0 0 0 0 -1 0 0 0 0 0 0 0 0 0 0 0 0 2 0 -1 0 0 0 0 0 0 0 0 1 0 0 1 0 0 -1 0 0 0 1 0 0 0 1 0 0 0 0 0 0 -1 0 0 1 0 0 0 0 0 0 1 0 0 0 -1 0 1 0 -1 0 0 0 -1 0 1 0 1 0 0 0 0 1 1 1 0 1 0 0 0 0 0 
Plants Genes: 0 0 -1 0 0 -1 -1 0 0 -1 -1 1 1 1 0 0 0 0 0 -1 0 2 1 1 0 1 -1 0 0 0 0 0 0 -1 0 0 0 0 1 0 1 0 0 0 0 1 0 0 2 0 -1 0 0 0 2 2 0 0 1 0 0 0 0 0 0 3 2 1 0 -1 0 0 0 1 0 0 -1 1 -1 -1 0 0 0 1 1 -1 0 0 0 -1 -1 0 0 0 0 0 -1 -1 1 1 0 -1 0 -1 0 1 -1 0 0 0 -1 1 0 -1 0 0 1 0 0 0 1 1 1 0 0 -1 
Mice Genes: 1 -2 1 1 0 1 0 0 0 0 0 1 1 0 1 0 0 0 0 0 0 0 0 0 0 0 1 -1 0 0 0 0 0 1 0 0 0 0 0 0 0 1 0 0 0 0 0 0 0 0 0 0 -1 -1 0 0 0 0 0 0 -1 0 0 0 0 0 0 0 -1 0 -1 0 0 1 0 1 0 0 0 0 0 0 0 -1 0 0 0 0 0 0 0 -1 0 0 0 0 0 0 0 0 0 0 2 0 0 0 0 0 0 0 0 0 0 -2 0 0 -1 1 0 -1 0 1 -1 1 0 0 
Cats Genes: 0 1 -1 1 1 -1 -2 -1 -1 -1 0 1 0 0 0 0 0 0 0 0 1 0 0 -1 0 1 -1 -1 0 0 0 0 0 0 0 1 0 0 0 0 -1 0 0 0 0 0 0 0 0 0 0 0 0 2 0 -1 0 0 0 0 0 0 0 0 1 0 0 1 0 0 -1 0 0 0 1 0 0 0 1 0 0 0 0 0 0 -1 0 0 1 0 0 0 0 0 0 1 0 0 0 -1 0 1 0 -1 0 0 0 -1 0 1 0 1 0 0 0 0 1 1 1 0 1 0 0 0 0 0 
Plants Genes: 0 0 -1 0 0 -1 -1 0 0 -1 -1 1 1 1 0 0 0 0 0 -1 0 2 1 1 0 1 -1 0 0 0 0 0 0 -1 0 0 0 0 1 0 1 0 0 0 0 1 0 0 2 0 -1 0 0 0 2 2 0 0 1 0 0 0 0 0 0 3 2 1 0 -1 0 0 0 1 0 0 -1 1 -1 -1 0 0 0 1 1 -1 0 0 0 -1 -1 0 0 0 0 0 -1 -1 1 1 0 -1 0 -1 0 1 -1 0 0 0 -1 1 0 -1 0 0 1 0 0 0 1 1 1 0 0 -1 
Mice Genes: 1 -2 1 1 0 1 0 0 0 0 0 1 1 0 1 0 0 0 0 0 0 0 0 0 0 0 1 -1 0 0 0 0 0 1 0 0 0 0 0 0 0 1 0 0 0 0 0 0 0 0 0 0 -1 -1 0 0 0 0 0 0 -1 0 0 0 0 0 0 0 -1 0 -1 0 0 1 0 1 0 0 0 0 0 0 0 -1 0 0 0 0 0 0 0 -1 0 0 0 0 1 0 0 0 0 0 2 0 0 0 0 0 0 0 0 0 0 -2 0 0 -1 1 0 -1 0 1 -1 1 0 0 
Cats Genes: 0 1 -1 1 1 -1 -2 -1 -1 -1 0 1 0 0 0 0 0 0 0 0 1 0 0 -1 0 1 -1 -1 0 0 0 0 0 0 0 1 0 0 0 0 -1 0 0 0 0 0 0 0 0 0 0 0 0 2 0 -1 0 0 0 0 0 0 0 0 1 0 0 1 0 0 -1 0 0 0 1 0 0 0 1 0 0 0 0 0 0 -1 0 0 1 0 0 0 0 0 0 1 0 0 0 -1 0 1 0 -1 0 0 0 -1 0 1 0 1 0 0 0 0 1 1 1 0 1 0 0 0 0 0 
Plants Genes: 0 0 -1 0 0 -1 -1 0 0 -1 -1 1 1 1 0 0 0 0 0 -1 0 2 1 1 0 1 -1 0 0 0 0 0 0 -1 0 0 0 0 1 0 1 0 0 0 0 1 0 0 2 0 -1 0 0 0 2 2 0 0 1 0 0 0 0 0 0 3 2 1 0 -1 0 0 0 1 0 0 -1 1 -1 -1 0 0 0 1 1 -1 0 0 0 -1 -1 0 0 0 0 0 -1 -1 1 1 0 -1 0 -1 0 1 -1 0 0 0 -1 1 0 -1 0 -1 1 0 0 0 1 1 1 0 0 -1 
Mice Genes: 1 -1 1 1 0 1 0 0 0 0 0 1 1 0 1 0 0 0 0 0 0 0 0 0 0 0 1 -1 0 0 0 0 0 1 0 0 0 0 0 0 0 1 0 0 0 0 0 0 0 0 0 0 -1 -1 0 0 0 0 0 0 -1 0 0 0 0 0 0 0 -1 0 -1 0 0 1 0 1 0 0 0 0 0 0 0 -1 0 0 0 0 0 0 0 -1 0 0 0 0 1 0 0 0 0 0 2 0 0 0 0 0 0 0 0 0 0 -2 0 0 -1 1 0 -1 0 1 -1 1 0 0 
Cats Genes: 0 1 -1 1 2 -1 -2 -1 -1 -1 0 1 0 0 0 0 0 0 0 0 1 0 0 -1 0 1 -1 -1 0 0 0 0 0 0 0 1 0 0 0 0 -1 0 0 0 0 0 0 0 0 0 0 0 0 2 0 -1 0 0 0 0 0 0 0 0 1 0 0 1 0 0 -1 0 0 0 1 0 0 0 1 0 0 0 0 0 0 -1 0 0 1 0 0 0 0 0 0 1 0 0 0 -1 0 1 0 -2 0 0 0 -1 0 1 0 1 0 0 0 0 1 1 1 0 1 0 0 0 0 0 
Plants Genes: 0 0 -1 0 0 -1 -1 0 0 -1 -1 1 1 1 0 0 0 0 0 -1 0 2 1 1 0 1 -1 0 0 0 0 0 0 -1 0 0 0 0 0 0 1 0 0 0 0 1 0 0 2 0 -1 0 0 0 2 2 0 0 1 0 0 0 0 0 0 3 2 1 0 -1 0 0 0 1 0 0 -1 1 -1 -1 0 0 0 1 1 -1 0 0 0 -1 -1 0 0 0 0 0 -1 -1 1 1 0 -1 0 -1 0 1 -1 0 0 0 -1 1 0 -1 0 0 1 0 0 0 1 1 1 0 0 -1 
Mice Genes: 1 -2 1 1 0 1 0 0 0 0 0 1 1 0 1 0 0 0 0 0 0 0 0 0 0 0 1 -1 0 0 0 0 0 1 0 0 0 0 0 0 0 1 0 0 0 0 0 0 0 0 0 0 -1 -1 0 0 0 0 0 0 -1 0 0 0 0 0 0 0 -1 0 -1 0 0 1 0 1 0 0 0 0 0 0 0 -1 0 0 0 0 0 0 0 -1 0 0 0 0 1 0 0 0 0 0 2 0 0 0 0 0 0 0 0 0 0 -2 0 0 -1 1 0 -1 0 1 -1 0 0 0 
Cats Genes: 0 1 -1 1 1 -1 -2 -1 -1 -1 0 1 0 0 0 0 0 0 0 0 1 0 0 -1 0 1 -1 -1 0 0 0 0 0 0 0 1 0 0 0 0 -1 0 0 0 0 0 0 0 0 0 0 0 0 2 0 -1 0 0 0 0 0 0 0 0 1 0 0 1 0 0 -1 0 0 0 1 0 0 0 1 0 0 0 0 0 0 -1 0 0 1 0 0 0 0 0 0 1 0 0 0 -1 0 1 0 -2 0 0 0 -1 0 1 0 1 0 0 0 0 1 1 1 0 1 0 0 0 0 0 