Plants Score: 115 137 138 136 136 112 112 110 112 112 111 112 110 109 110 110 109 109 109 105 105 1 107 106 106 106 105 105 105 105 106 105 105 105 105 105 105 105 105 105 105 105 105 105 1 105 105 1 105 105 105 105 
Mice Score: 20184 20184 20184 20184 20184 16820 16820 16820 16820 16820 16820 16820 16820 16820 16820 16820 16820 16820 16820 16820 16820 1089 16820 16820 16820 16820 16820 16820 16820 16820 16820 16820 16820 16820 16820 16820 16820 16820 16820 16820 16820 16820 16820 16820 1681 16820 16820 1 16820 16820 16820 16820 
Cats Score: 64 64 64 64 64 64 64 64 64 64 64 64 64 64 64 64 64 81 64 100 100 225 81 121 121 121 121 100 100 81 81 100 100 100 121 121 121 121 121 121 121 121 121 81 225 81 100 225 100 100 100 100 
Plants Genes: 0 -1 -2 0 -1 -1 -1 1 -1 -2 -1 1 1 1 0 0 0 0 0 -2 0 2 1 1 -1 1 -1 0 0 1 0 1 0 -1 1 0 0 0 1 0 1 0 0 0 0 1 0 -1 2 0 -1 1 0 0 2 1 0 0 2 0 1 0 0 1 -1 3 2 1 0 -2 0 1 0 1 0 0 -1 2 -1 -1 0 0 0 1 0 -1 0 0 0 -1 -1 0 0 0 0 1 0 -1 1 1 0 -1 1 -1 0 0 0 0 0 0 -1 0 -1 -1 0 0 1 0 0 0 1 0 1 0 0 -1 
Mice Genes: 1 -1 1 1 0 1 0 0 0 -1 -1 0 1 0 1 0 0 0 -1 -1 0 0 0 0 0 0 1 -1 0 0 0 0 0 2 0 0 0 0 0 0 0 1 0 0 0 0 0 0 1 0 0 0 0 -1 1 1 0 0 0 0 -1 0 1 0 0 0 0 0 -1 0 -1 0 0 1 0 1 0 0 0 0 0 0 0 -2 0 0 0 0 0 0 0 -1 0 0 0 0 1 0 0 1 0 0 2 0 -1 0 0 0 0 0 0 -1 0 -2 0 0 -1 1 0 -1 0 1 -1 1 0 1 
Cats Genes: 0 1 -1 1 2 -1 -2 -1 -1 -1 0 1 0 0 0 0 0 0 0 0 1 0 0 -1 0 1 -1 -1 0 0 0 -1 1 0 0 1 0 0 0 0 -1 -2 -1 0 0 0 0 0 0 0 0 0 0 2 0 -1 0 0 0 0 0 0 0 0 1 0 0 1 0 -1 -1 0 0 0 1 1 0 0 1 0 0 0 0 0 0 -1 0 0 1 0 0 0 1 0 0 1 0 0 -1 -1 0 1 0 -2 0 0 0 0 0 1 1 1 0 0 0 0 1 0 1 0 1 0 1 0 0 1 
Plants Genes: 0 -1 -2 0 -1 -1 -1 1 -1 -3 -1 1 1 1 0 0 0 0 0 -2 0 2 1 1 -1 1 -1 0 0 1 0 1 0 -1 1 0 0 1 1 0 1 0 0 0 0 1 0 -1 2 0 -1 1 0 0 2 1 0 0 2 0 1 0 0 1 -1 3 2 1 0 -2 0 1 0 1 0 0 -1 2 -1 -1 0 0 0 1 0 -1 0 0 0 -1 -1 0 0 0 0 1 0 -1 1 1 0 -1 1 -1 0 0 0 0 0 0 -1 0 -1 -1 0 0 1 0 0 0 1 0 1 0 0 -1 
Mice Genes: 1 -1 1 1 0 1 0 0 0 -1 -1 0 1 0 1 0 0 0 -1 -1 0 0 0 0 0 0 1 0 0 0 0 0 0 2 0 0 0 0 0 0 1 1 0 0 0 0 0 0 1 0 0 0 0 -1 1 1 0 0 0 0 -1 0 1 0 0 0 0 0 -1 0 -1 0 0 1 0 1 0 0 0 0 0 0 0 -2 0 0 0 0 0 0 0 -1 0 0 0 0 1 0 0 1 0 0 2 0 -1 0 0 0 0 0 0 -1 0 -2 0 0 -1 1 0 -1 0 1 -1 1 0 1 
Cats Genes: 0 1 -1 1 2 -1 -2 -1 -1 -1 0 1 0 0 0 0 0 0 0 0 1 0 0 -1 0 1 -1 -1 0 0 0 -1 1 0 0 1 0 0 0 0 -1 -2 0 0 0 0 0 0 0 0 0 0 0 2 0 -1 0 0 0 0 0 0 0 0 1 0 0 1 0 -1 -1 0 0 0 1 1 0 0 1 0 1 0 0 0 0 -1 0 0 1 0 0 0 1 0 0 1 0 0 -1 -1 0 1 0 -2 0 0 0 0 0 1 1 1 0 0 0 0 1 0 1 0 1 0 1 0 0 1 
Plants Genes: 0 -1 -2 0 -1 -1 -1 1 -1 -2 -1 1 1 1 0 0 0 0 0 -2 0 2 1 1 -1 1 -1 0 0 1 0 1 0 -1 1 0 0 0 1 0 1 0 0 0 0 1 0 -1 2 0 -1 1 0 0 2 1 0 0 2 0 1 0 0 1 -1 3 2 1 0 -2 0 1 0 1 0 0 -1 2 -1 -1 0 0 0 1 0 -1 0 0 0 -1 -1 0 0 0 0 1 0 -1 1 1 0 -1 1 -1 0 0 0 0 0 0 -1 0 -1 -1 0 0 1 0 0 0 1 0 1 0 0 -1 
Mice Genes: 1 -1 1 1 0 1 0 0 0 -1 -1 0 1 0 1 0 0 0 -1 -1 0 0 0 0 0 0 1 -1 0 0 0 0 0 2 0 0 0 0 0 0 0 1 0 0 0 0 0 0 1 0 0 0 0 -1 1 1 0 0 0 0 -1 0 1 0 0 0 0 0 -1 0 -1 0 0 1 0 1 0 0 0 0 0 0 0 -2 0 0 0 0 0 0 0 -1 0 0 0 0 1 0 0 1 0 0 2 0 -1 0 0 0 0 0 0 -1 0 -2 0 0 -1 1 0 -1 0 1 -1 1 0 1 
Cats Genes: 0 1 -1 1 2 -1 -2 -1 -1 -1 0 1 0 0 0 0 0 0 0 0 1 0 0 -1 0 1 -1 -1 0 0 0 -1 1 0 0 1 0 0 0 0 -1 -2 -1 0 0 0 0 0 0 0 0 0 0 2 0 -1 0 0 0 0 0 0 0 0 1 0 0 1 0 -1 -1 0 0 0 1 1 0 0 1 0 0 0 0 0 0 -1 0 0 1 0 0 0 1 0 0 1 0 0 -1 -1 0 0 0 -2 0 0 0 0 0 1 1 1 1 0 0 0 1 0 1 -1 1 0 1 0 0 1 
Plants Genes: 0 -1 -2 0 -1 -1 -1 1 -1 -3 -1 1 1 1 0 0 0 0 0 -2 0 2 1 1 -1 1 -1 0 0 1 0 1 0 -1 1 0 0 0 1 0 1 0 0 0 0 1 0 -1 2 0 -1 1 0 0 2 1 0 0 2 0 1 0 0 1 -1 3 2 1 0 -2 0 1 0 1 0 0 -1 2 -1 -1 0 0 0 1 0 -1 0 0 0 -1 -1 0 0 0 0 1 0 -1 1 1 0 -1 1 -1 0 0 0 0 0 0 -1 0 -1 -1 0 0 1 0 0 0 1 0 1 0 0 -1 
Mice Genes: 1 -1 1 1 0 1 0 0 0 -1 -1 0 1 0 1 0 0 0 -1 -1 0 0 0 0 0 0 1 0 0 0 0 0 0 2 0 0 0 0 0 0 0 1 0 0 0 0 0 0 1 0 0 0 0 -1 1 1 0 0 0 0 -1 0 1 0 0 0 0 0 -1 0 -1 0 0 1 0 1 0 0 0 0 0 0 0 -2 0 0 0 0 0 0 0 -1 0 0 0 0 1 0 0 1 0 0 2 0 -1 0 0 0 0 0 0 -1 0 -2 0 0 -1 1 0 -1 0 1 -1 1 0 1 
Cats Genes: 0 1 -1 1 2 -1 -2 -1 -1 -1 0 1 0 0 0 0 0 0 0 0 1 0 0 -1 0 1 -1 -1 0 0 0 -1 1 0 0 1 0 0 0 0 -1 -2 -1 0 0 0 0 0 0 0 0 0 0 2 0 -1 0 0 0 0 0 0 0 0 1 0 0 1 0 -1 -1 0 0 0 1 1 0 0 1 0 0 0 0 0 0 -1 0 0 1 0 0 0 1 0 0 1 0 0 -1 -1 0 1 0 -2 0 0 0 0 0 1 1 1 0 0 0 0 1 0 1 0 1 0 1 0 0 1 
Plants Genes: 0 -1 -2 0 -1 -1 -1 1 -1 -3 -1 1 1 1 0 0 0 0 0 -2 0 2 1 1 -1 1 -1 0 0 1 0 1 0 -1 1 0 0 0 1 0 1 0 0 0 0 1 0 -1 2 0 -1 1 0 0 2 1 0 0 2 0 1 0 0 1 -1 3 2 1 0 -2 0 1 0 1 0 0 -1 2 -1 -1 0 0 0 1 0 -1 0 0 0 -1 -1 0 0 0 0 1 0 -1 1 1 0 -1 1 -1 0 0 0 0 0 0 -1 0 -1 -1 0 0 1 0 0 0 1 0 1 0 0 -1 
Mice Genes: 1 -1 1 1 0 1 0 1 0 -1 -1 0 1 0 1 0 0 0 -1 -1 0 0 0 0 0 0 1 -1 0 0 0 0 0 1 0 0 0 0 0 0 0 1 0 0 0 0 0 0 1 0 0 0 0 -1 1 1 0 0 0 0 -1 0 1 0 0 0 0 0 -1 0 -1 0 0 1 0 1 0 0 0 0 0 0 0 -2 0 0 0 0 0 0 0 -1 0 0 0 0 1 0 0 1 0 0 2 0 -1 0 0 0 0 0 0 -1 0 -2 0 0 -1 1 0 -1 1 1 -1 1 0 1 
Cats Genes: 0 1 -1 1 2 -1 -2 -1 -1 -1 0 1 0 0 0 0 0 0 0 0 1 0 0 -1 0 1 -1 -1 0 0 0 0 1 0 0 1 0 0 0 0 -1 -2 -1 0 0 0 0 0 0 0 0 0 0 2 0 -1 0 0 0 0 0 0 0 0 1 0 0 1 0 -1 -1 0 0 0 1 1 0 0 1 0 0 0 0 0 0 -1 0 0 1 0 0 0 1 0 0 1 0 0 -1 -1 0 1 0 -2 0 0 0 0 0 1 1 1 0 0 0 0 1 0 1 0 1 0 1 0 0 1 
Plants Genes: 0 -1 -2 0 -1 -1 -1 1 -1 -2 -1 1 1 1 0 0 0 0 0 -2 0 2 1 1 -1 1 -1 0 0 1 0 1 0 -1 1 0 0 0 1 0 1 0 0 0 0 1 0 -1 2 0 -1 1 0 0 2 1 0 0 2 0 1 0 0 1 -1 3 2 1 0 -2 0 1 0 1 0 0 -1 2 -1 -1 0 0 0 1 0 -1 0 0 0 -1 -1 0 0 0 0 1 0 -1 1 1 0 -1 1 -1 0 0 0 0 0 0 -1 0 -1 -1 0 0 1 0 0 0 1 0 1 0 0 -1 
Mice Genes: 1 -1 1 1 0 1 0 1 0 -1 -1 0 1 0 1 0 0 0 -1 -1 0 0 0 0 0 0 1 -1 0 0 0 0 0 1 0 0 0 0 0 0 0 1 0 0 0 0 0 0 1 0 0 0 0 -1 1 1 0 0 0 0 -1 0 1 0 0 0 0 0 -1 0 -1 0 0 1 0 1 0 0 0 0 0 0 0 -2 0 0 0 0 0 0 0 -1 0 0 0 0 1 0 0 1 0 0 2 0 -1 0 0 0 0 0 0 -1 0 -2 0 0 -1 1 0 -1 0 1 -1 1 0 1 
Cats Genes: 0 1 -1 1 2 -1 -2 -1 -1 -1 0 1 0 0 0 0 0 0 0 0 1 0 0 -1 0 1 -1 -1 0 0 0 0 1 0 0 1 0 0 0 0 -1 -1 -1 0 0 0 0 0 0 0 0 0 0 2 0 -1 0 0 0 0 0 0 0 0 1 0 0 1 0 -1 -1 0 0 0 1 1 0 0 1 0 0 0 0 0 0 -1 0 0 1 0 0 0 1 0 0 1 0 0 -1 -1 0 1 0 -2 0 0 0 0 0 1 1 1 0 0 0 0 1 0 1 0 1 0 1 0 0 1 
Plants Genes: 0 -1 -2 0 -1 -1 -1 1 -1 -3 -1 1 1 1 0 0 0 0 0 -2 0 2 1 1 -1 1 -1 0 0 1 0 1 0 -1 1 0 0 0 1 0 1 0 0 0 0 1 0 -1 2 0 -1 1 0 0 2 1 0 0 2 0 1 0 0 1 -1 3 2 1 0 -2 0 1 0 1 0 0 -1 2 -1 -1 0 0 0 1 0 -1 0 0 0 -1 -1 0 0 0 0 1 0 -1 1 1 0 -1 1 -1 0 0 0 0 0 0 -1 0 -1 -1 0 0 1 0 0 0 1 0 1 0 0 -1 
Mice Genes: 1 -1 1 1 0 1 0 0 0 -1 -1 0 1 0 1 0 0 0 -1 -1 0 0 0 0 0 0 1 0 0 0 0 0 0 1 0 0 0 0 0 0 0 1 0 0 0 0 0 0 1 0 0 0 0 -1 1 1 0 0 0 0 -1 0 1 0 0 0 0 0 -1 0 -1 0 0 1 0 1 0 0 0 0 0 0 0 -2 0 0 0 0 0 0 0 -1 0 0 0 0 1 0 0 1 0 0 2 0 -1 0 0 0 0 0 0 -1 0 -2 0 0 -1 1 0 -1 0 1 -1 1 0 1 
Cats Genes: 0 1 -1 1 2 -1 -2 -1 -1 -1 0 1 0 0 0 0 0 0 0 0 1 0 0 -1 0 1 -1 -1 0 0 0 0 1 0 0 1 0 0 0 0 -1 -1 -1 0 0 0 0 0 0 0 0 0 0 2 0 -1 0 0 0 0 0 0 0 0 1 0 0 1 0 -1 -1 0 0 0 1 1 0 0 1 0 0 0 0 0 0 -1 0 0 1 0 0 0 1 0 0 1 0 0 -1 -1 0 1 0 -2 0 0 0 0 0 1 1 1 0 0 0 0 1 0 1 0 1 0 1 0 0 1 
Plants Genes: 0 -1 -2 0 -1 -1 -1 1 -1 -2 -1 1 1 1 0 0 0 0 0 -2 0 2 1 1 -1 1 -1 0 0 1 0 1 0 -1 1 0 0 0 1 0 1 0 0 0 0 1 0 -1 2 0 -1 1 0 0 2 1 0 0 2 0 1 0 0 1 -1 3 2 1 0 -2 0 1 0 1 0 0 -1 2 -1 -1 0 0 0 1 0 -1 0 0 0 -1 -1 0 0 0 0 1 0 -1 1 1 0 -1 1 -1 0 0 0 0 0 0 -1 0 -1 -1 0 0 1 0 0 0 1 0 1 0 0 -1 
Mice Genes: 1 -1 1 1 0 1 0 0 0 -1 -1 0 1 0 1 0 0 0 -1 -1 0 0 0 0 0 0 1 0 0 0 0 0 0 1 0 0 0 0 0 0 0 1 0 0 0 0 0 0 1 0 0 0 0 -1 1 1 0 0 0 0 -1 0 1 0 0 0 0 0 -1 0 -1 0 0 1 0 1 0 0 0 0 0 0 0 -2 0 0 0 0 0 0 0 -1 0 0 0 0 1 0 0 1 0 0 2 0 -1 0 0 0 0 0 0 -1 0 -2 0 0 -1 1 0 -1 1 1 -1 1 0 1 
Cats Genes: 0 1 -1 1 2 -1 -2 -1 -1 -1 0 1 0 0 0 0 0 0 0 0 1 0 0 -1 0 1 -1 -1 0 0 0 0 1 0 0 1 0 0 0 0 -1 -2 -1 0 0 0 0 0 0 0 0 0 0 2 0 -1 0 0 0 0 0 0 0 0 1 0 0 1 0 -1 -1 0 0 0 1 1 0 0 1 0 0 0 0 0 0 -1 0 0 1 0 0 0 1 0 0 1 0 0 -1 -1 0 1 0 -2 0 0 0 0 0 1 1 1 0 0 0 0 1 0 1 0 1 0 1 0 0 1 
Plants Genes: 0 -1 -2 0 -1 -1 -1 1 -1 -2 -1 1 1 1 0 0 0 0 0 -2 0 2 1 1 -1 1 -1 0 0 1 0 1 0 -1 1 0 0 1 1 0 1 0 0 0 0 1 0 -1 2 0 -1 1 0 0 2 1 0 0 2 0 1 0 0 1 -1 3 2 1 0 -2 0 1 0 1 0 0 -1 2 -1 -1 0 0 0 1 0 -1 0 0 0 -1 -1 0 0 0 0 1 0 -1 1 1 0 -1 1 -1 0 0 0 0 0 0 -1 0 -1 -1 0 0 1 0 0 0 1 0 1 0 0 -1 
Mice Genes: 1 -1 1 1 0 1 0 0 0 -1 -1 0 1 0 1 0 0 0 -1 -1 0 0 0 0 0 0 1 0 0 0 0 0 0 2 0 0 0 0 0 0 0 1 0 0 0 0 0 0 1 0 0 0 0 -1 1 1 0 0 0 0 -1 0 1 0 0 0 0 0 -1 0 -1 0 0 1 0 1 0 0 0 0 0 0 0 -2 0 0 0 0 0 0 0 -1 0 0 0 0 1 0 0 1 0 0 2 0 -1 0 0 0 0 1 0 -1 0 -2 0 0 -1 1 0 -1 0 1 -1 1 0 1 
Cats Genes: 0 1 -1 1 2 -1 -2 -1 -1 -1 0 1 0 0 0 0 0 0 0 0 1 0 0 -1 0 1 -1 -1 0 0 0 0 1 0 0 1 0 0 0 0 -1 -2 -1 0 0 0 0 0 0 0 0 0 0 2 0 -1 0 0 0 0 0 0 0 0 1 0 0 1 0 -1 -1 0 0 0 1 1 0 0 1 0 0 0 0 0 0 -1 0 0 1 0 0 0 1 0 0 1 0 0 -1 -1 0 1 0 -2 0 0 0 0 0 1 1 1 0 0 0 0 1 0 1 0 1 0 1 0 0 1 
Plants Genes: 0 -1 -2 0 -1 -1 -1 1 -1 -2 -1 1 1 1 0 0 0 0 0 -2 0 2 1 1 -1 1 -1 0 0 1 0 1 0 -1 1 0 0 1 1 0 1 0 0 0 0 1 0 -1 2 0 -1 1 0 0 2 1 0 0 2 0 1 0 0 1 -1 3 2 1 0 -2 0 1 0 1 0 0 -1 2 -1 -1 0 0 0 1 0 -1 0 0 0 -1 -1 0 0 0 0 1 0 -1 1 1 0 -1 1 -1 0 0 0 0 0 0 -1 0 -1 -1 0 0 1 0 0 0 1 0 1 0 0 -1 
Mice Genes: 1 -1 1 1 0 1 0 0 0 -1 -1 0 1 0 1 0 0 0 -1 -1 0 0 0 0 0 0 1 0 0 0 0 0 0 2 0 0 0 0 0 0 0 1 0 0 0 0 0 0 1 0 0 0 0 -1 1 1 0 0 0 0 -1 0 1 0 0 0 0 0 -1 0 -1 0 0 1 0 1 0 0 0 0 0 0 0 -2 0 0 0 0 0 0 0 -1 0 0 0 0 1 0 0 1 0 0 2 0 -1 0 0 0 0 0 0 -1 0 -2 0 0 -1 1 0 -1 0 1 -1 1 0 1 
Cats Genes: 0 1 -1 1 2 -1 -2 -1 -1 -1 0 1 0 0 0 0 0 0 0 0 1 0 0 -1 0 1 -1 -1 0 0 0 0 1 0 0 1 0 1 0 0 -1 -2 -1 0 0 0 0 0 0 0 0 0 0 2 0 -1 0 0 0 0 0 0 0 0 1 0 0 1 0 -1 -1 0 0 0 1 1 0 0 1 0 0 0 0 0 0 -1 0 0 1 0 0 0 1 0 0 1 0 0 -1 -1 0 0 0 -2 0 0 0 0 0 1 1 1 1 0 0 0 1 0 1 0 1 0 1 0 0 1 
Plants Genes: 0 -1 -2 0 -1 -1 -1 1 -1 -2 -1 1 1 1 0 0 0 0 0 -2 0 2 1 1 -1 1 -1 0 0 1 0 1 0 -1 1 0 0 1 1 0 1 0 0 0 0 1 0 -1 2 0 -1 1 0 0 2 1 0 0 2 0 1 0 0 1 -1 3 2 1 0 -2 0 1 0 1 0 0 -1 2 -1 -1 0 0 0 1 0 -1 0 0 0 -1 -1 0 0 0 0 1 0 -1 1 1 0 -1 1 -1 0 0 0 0 0 0 0 0 -1 -1 0 0 1 0 0 0 1 0 1 0 0 -1 
Mice Genes: 1 -1 1 1 0 1 0 0 0 -1 -1 0 1 0 1 0 0 0 -1 -1 0 0 0 0 0 0 1 0 0 0 0 0 0 1 0 0 0 0 0 0 0 1 0 0 0 0 0 0 1 0 0 0 0 -1 1 1 0 0 0 0 -1 0 1 0 0 0 0 0 -1 0 -1 0 0 1 0 1 0 0 0 0 0 0 0 -2 0 0 0 0 0 0 0 -1 0 0 0 0 1 0 0 1 0 0 2 0 -1 0 0 0 0 0 0 -1 0 -2 0 0 -1 1 0 -1 0 1 -1 1 0 1 
Cats Genes: 0 1 -1 1 2 -1 -2 -1 -1 -1 0 1 0 0 0 0 0 0 0 0 1 0 0 -1 0 1 -1 -1 0 0 0 0 1 0 0 1 0 0 0 0 -1 -2 -1 0 0 0 0 0 0 0 0 0 0 2 0 -1 0 0 0 0 0 0 0 0 1 0 0 1 0 -1 -1 0 0 0 1 1 0 0 1 0 0 0 0 0 0 -1 0 0 1 0 0 0 1 0 0 1 0 0 -1 -1 0 1 0 -2 0 0 0 0 0 1 1 1 0 0 0 0 1 0 1 0 1 0 1 0 0 1 
Plants Genes: 0 -1 -2 0 -1 -1 -1 1 -1 -2 -1 1 1 1 0 0 0 0 0 -2 0 2 1 1 -1 1 -1 0 0 1 0 1 0 -1 1 0 0 0 1 0 1 0 0 0 0 1 0 -1 2 0 -1 1 0 0 2 1 0 0 2 0 1 0 0 1 -1 3 2 1 0 -2 0 1 0 1 0 0 -1 2 -1 -1 0 0 0 1 0 -1 0 0 0 -1 -1 0 0 0 0 1 0 -1 1 1 0 -1 1 -1 0 0 0 0 0 0 0 0 -1 -1 0 0 1 0 0 0 1 0 1 0 0 -1 
Mice Genes: 1 -1 1 1 0 1 0 0 0 -1 -1 0 1 0 1 0 0 0 -1 -1 0 0 0 0 0 0 1 0 0 0 0 0 0 1 0 0 0 0 0 0 0 1 0 0 0 0 0 0 1 0 0 0 0 -1 1 1 0 0 0 0 -1 0 1 0 0 0 0 0 -1 0 -1 0 0 1 0 1 0 0 0 0 0 0 0 -2 0 0 0 0 0 0 0 -1 0 0 0 0 1 0 0 1 0 0 2 0 -1 0 0 0 0 0 0 -1 0 -2 0 0 -1 1 0 -1 0 1 -1 1 0 1 
Cats Genes: 0 1 -1 1 2 -1 -2 -1 -1 -1 0 1 0 0 0 0 0 0 0 0 1 0 0 -1 0 1 -1 -1 0 0 0 0 1 0 0 1 0 0 0 0 -1 -1 -1 0 0 0 0 0 0 0 0 0 0 2 0 -1 0 0 0 0 0 0 0 0 1 0 0 1 0 -1 -1 0 0 0 1 1 0 0 1 0 0 0 0 0 0 -1 0 0 1 0 0 0 1 0 0 1 0 0 -1 -1 0 0 0 -2 0 0 0 0 0 1 1 1 1 0 0 0 1 0 1 0 1 0 1 0 0 1 
Plants Genes: 0 -1 -2 0 -1 -1 -1 1 -1 -2 -1 1 1 1 0 0 0 0 0 -2 0 2 1 1 -1 1 -1 0 0 1 0 1 0 -1 1 0 0 0 1 0 1 0 0 0 0 1 0 -1 2 0 -1 1 0 0 2 1 0 0 2 0 1 0 0 1 -1 3 2 1 0 -2 0 1 0 1 0 0 -1 2 -1 -1 0 0 0 1 0 -1 0 0 0 -1 -1 0 0 0 0 1 0 -1 1 1 0 -1 1 -1 0 0 0 0 0 0 -1 0 -1 -1 0 0 1 0 0 0 1 0 1 0 0 -1 
Mice Genes: 1 -1 1 1 0 1 0 0 0 -1 -1 0 1 0 1 0 0 0 -1 -1 0 0 0 0 0 1 1 0 0 0 0 0 0 2 0 0 0 0 0 0 0 1 0 0 0 0 0 0 1 0 0 0 0 -1 1 1 0 0 0 0 -1 0 1 0 0 0 0 0 -1 0 -1 0 0 1 0 1 0 0 0 0 0 0 0 -2 0 0 0 0 0 0 0 -1 0 0 0 0 1 0 0 1 0 0 2 0 -1 0 0 0 0 0 0 -1 0 -2 0 0 -1 1 0 -1 0 1 -1 1 0 1 
Cats Genes: 0 1 -1 2 2 -1 -2 -1 -1 -1 0 1 0 0 0 0 0 0 0 0 1 0 0 -1 0 1 -1 -1 0 0 0 0 1 0 0 1 0 0 0 0 -1 -2 -1 0 0 0 0 0 0 0 0 0 0 2 0 -1 0 0 0 0 0 0 0 0 1 0 0 1 0 -1 -1 0 0 0 1 1 0 0 1 0 0 0 0 0 0 -1 0 0 1 0 0 0 1 0 0 1 0 0 -1 -1 0 1 0 -2 0 0 0 0 0 1 1 1 0 0 0 0 1 0 1 0 1 0 1 0 0 1 
Plants Genes: 0 -1 -2 0 -1 -1 -1 1 -1 -3 -1 1 1 1 0 0 0 0 0 -2 0 2 1 1 -1 1 -1 0 0 1 0 1 0 -1 1 0 0 0 1 0 1 0 0 0 0 1 0 -1 2 0 -1 1 0 0 2 1 0 0 2 0 1 0 0 1 -1 3 2 1 0 -2 0 1 0 1 0 0 -1 2 -1 -1 0 0 0 1 0 -1 0 0 0 -1 -1 0 0 0 0 1 0 -1 1 1 0 -1 1 -1 0 0 0 0 0 0 -1 0 -1 -1 0 0 1 0 0 0 1 0 1 0 0 -1 
Mice Genes: 1 -1 1 1 0 1 0 0 0 -1 -1 0 1 0 1 0 0 0 -1 -1 0 0 0 0 0 0 1 0 0 0 0 0 0 1 0 0 0 0 0 0 0 1 0 0 0 0 0 0 1 0 0 0 0 -1 1 1 0 0 0 0 -1 0 1 0 0 0 0 0 -1 0 -1 0 0 1 0 1 0 0 0 0 0 0 0 -2 0 0 0 0 0 0 0 -1 0 0 0 0 1 0 0 1 0 0 2 0 -1 0 0 0 0 0 0 -1 0 -2 0 0 -1 1 0 -1 0 1 -1 1 0 1 
Cats Genes: 0 1 -1 2 2 -1 -2 -1 -1 -1 0 1 0 0 0 0 0 0 0 0 1 0 0 -1 0 1 -1 -1 0 0 0 0 1 0 0 1 0 0 0 0 -1 -1 -1 0 0 0 0 0 0 0 0 0 0 2 0 -1 0 0 0 0 0 0 0 0 1 0 0 1 0 -1 -1 0 0 0 1 1 0 0 1 0 0 0 0 0 0 -1 0 0 1 0 0 0 1 0 0 1 0 0 -1 -1 0 1 0 -2 0 0 0 0 0 1 1 1 0 0 0 0 1 0 1 0 1 0 1 0 0 1 
Plants Genes: 0 -1 -2 0 -1 -1 -1 1 -1 -3 -1 1 1 1 0 0 0 0 0 -2 0 2 1 1 -1 1 -1 0 0 1 0 1 0 -1 1 0 0 0 1 0 1 0 0 0 0 1 0 -1 2 0 -1 1 0 0 2 1 0 0 2 0 1 0 0 1 -1 3 2 1 0 -2 0 1 0 1 0 0 -1 2 -1 -1 0 0 0 1 0 -1 0 0 0 -1 -1 0 0 0 0 1 0 -1 1 1 0 -1 1 -1 0 0 0 0 0 0 -1 0 -1 -1 0 0 1 0 0 0 1 0 1 0 0 -1 
Mice Genes: 1 -1 1 1 0 1 0 0 0 -1 -1 0 1 0 1 0 0 0 -1 -1 0 0 0 0 0 1 1 0 0 0 0 0 0 2 0 0 0 0 0 0 0 1 0 0 0 0 0 0 1 0 0 0 0 -1 1 1 0 0 0 0 -1 0 1 0 0 0 0 0 -1 0 -1 0 0 1 0 1 0 0 0 0 0 0 0 -2 0 0 0 0 0 0 0 -1 0 0 0 0 1 0 0 1 0 0 2 0 -1 0 0 0 0 0 0 -1 0 -2 0 0 -1 1 0 -1 0 1 -1 1 0 1 
Cats Genes: 0 1 -1 1 2 -1 -2 -1 -1 -1 0 1 0 0 0 0 0 0 0 0 1 0 0 -1 0 1 -1 -1 0 0 0 0 1 0 0 1 0 0 0 0 -1 -2 -1 0 0 0 0 0 0 0 0 0 0 2 0 -1 0 0 0 0 0 0 0 0 1 0 0 1 0 -1 -1 0 0 0 1 1 0 0 1 0 0 0 0 0 0 -1 0 0 1 0 0 0 1 0 0 1 0 0 -1 -1 0 1 0 -2 0 0 0 0 0 1 1 1 0 0 0 0 1 0 1 0 1 0 1 0 0 1 
Plants Genes: 0 -1 -2 0 -1 -1 -1 1 -1 -2 -1 1 1 1 0 0 0 0 0 -2 0 2 1 1 -1 1 -1 0 0 1 0 1 0 -1 1 0 0 0 1 0 1 0 0 0 0 1 0 -1 2 0 -1 1 0 0 2 1 0 0 2 0 1 0 0 1 -1 3 2 1 0 -2 0 1 0 1 0 0 -1 2 -1 -1 0 0 0 1 0 -1 0 0 0 -1 -1 0 0 0 0 1 0 -1 1 1 0 -1 1 -1 0 0 0 0 0 0 -1 0 -1 -1 0 0 1 0 0 0 1 0 1 0 0 -1 
Mice Genes: 1 -1 1 1 0 1 0 0 0 -1 -1 0 1 0 1 0 0 0 -1 -1 0 0 0 0 0 0 1 0 0 0 0 0 0 2 0 0 0 0 0 0 0 1 0 0 0 0 0 0 1 0 0 0 0 -1 1 1 0 0 0 0 -1 0 1 0 0 0 0 0 -1 0 -1 0 0 1 0 1 0 0 0 0 0 0 0 -2 0 0 0 0 0 0 0 -1 0 0 0 0 1 0 0 1 0 0 2 0 -1 0 0 0 0 0 0 -1 0 -2 0 0 -1 1 0 -1 0 1 -1 1 0 1 
Cats Genes: 0 1 -1 1 2 -1 -2 -1 -1 -1 0 1 0 0 0 0 0 0 0 0 1 0 0 -1 0 1 -1 -1 0 0 0 0 1 0 0 1 0 0 0 0 -1 -1 -1 0 0 0 0 0 0 0 0 0 0 2 0 -1 0 0 0 0 0 0 0 0 1 0 0 1 0 -1 -1 0 0 0 1 1 0 0 1 0 0 0 0 0 0 -1 0 0 1 0 0 0 1 0 0 1 0 0 -1 -1 0 1 0 -2 0 0 0 0 0 1 1 1 0 0 0 0 1 0 1 0 1 0 1 0 0 1 
Plants Genes: 0 -1 -2 0 -1 -1 -1 1 -1 -2 -1 1 1 1 0 0 0 0 0 -2 0 2 1 1 -1 1 -1 0 0 1 0 1 0 -1 1 0 0 1 1 0 1 0 0 0 0 1 0 -1 2 0 -1 1 0 0 2 1 0 0 2 0 1 0 0 1 -1 3 2 1 0 -2 0 1 0 1 0 0 -1 2 -1 -1 0 0 0 1 0 -1 0 0 1 -1 -1 0 0 0 0 1 0 -1 1 1 0 -1 1 -1 0 0 0 0 0 0 -1 0 -1 -1 0 0 1 0 0 0 1 0 1 0 0 -1 
Mice Genes: 1 -1 1 1 0 1 0 0 0 -1 -1 0 1 0 1 0 0 0 -1 -1 0 0 0 0 0 0 1 0 0 0 0 0 0 2 0 0 0 0 0 0 0 1 0 0 0 0 0 0 1 0 0 0 0 -1 1 1 0 -1 0 0 -1 0 1 0 0 0 0 0 -1 0 -1 0 0 1 0 1 0 0 0 0 0 0 0 -2 0 0 0 0 0 0 0 -1 0 0 0 0 1 0 0 1 0 0 2 0 -1 0 0 0 0 0 0 -1 0 -2 0 0 -1 1 0 -1 0 1 -1 1 0 1 
Cats Genes: 0 1 -1 1 2 -1 -2 -1 -1 -1 0 1 0 0 0 0 0 0 0 0 1 -1 0 -1 0 1 -1 -1 0 0 0 0 1 0 0 1 0 0 0 0 -1 -1 -1 0 0 0 0 0 0 0 0 0 0 2 0 -1 0 0 0 0 0 0 0 0 1 0 0 1 0 -1 -1 0 0 0 1 1 0 0 1 0 0 0 0 0 0 -1 0 0 1 0 0 0 1 0 0 1 0 0 -1 -1 0 1 0 -2 0 0 0 0 0 1 1 1 1 0 0 0 1 0 1 0 1 0 1 0 0 1 
Plants Genes: 0 -1 -2 0 -1 -1 -1 1 -1 -2 -1 1 1 1 0 0 0 0 0 -2 0 2 1 1 -1 1 -1 0 0 1 0 1 0 -1 1 0 0 0 1 0 1 0 0 0 0 1 0 -1 2 0 -1 1 0 0 2 1 0 0 2 0 1 0 0 1 -1 3 2 1 0 -2 0 1 0 1 0 0 -1 2 -1 -1 0 0 0 1 0 -1 0 0 1 -1 -1 0 0 0 0 1 0 -1 1 1 0 -1 1 -1 0 0 0 0 0 0 -1 0 -1 -1 0 0 1 0 0 0 1 0 1 0 0 -1 
Mice Genes: 1 -1 1 1 0 1 0 0 0 -1 -1 0 1 0 1 0 0 0 -1 -1 0 0 0 0 0 0 1 0 0 0 0 0 0 2 0 0 0 0 0 0 0 1 0 0 0 0 0 0 1 0 0 0 0 -1 1 1 0 0 0 0 -1 0 1 0 0 0 0 0 -1 0 -1 0 0 1 0 1 0 0 0 0 0 0 0 -2 0 0 0 0 0 0 0 -1 0 0 0 0 1 0 0 1 0 0 2 0 -1 0 0 0 0 0 0 -1 0 -2 0 0 -1 1 0 -1 0 1 -1 1 0 1 
Cats Genes: 0 1 -1 1 2 -1 -2 -1 -1 -1 0 1 0 0 0 0 0 0 0 0 1 -1 0 -1 0 1 -1 -1 0 0 0 0 1 0 0 1 0 0 0 0 -1 -2 -1 0 0 0 0 0 0 0 0 0 0 2 0 -1 0 0 0 0 0 0 0 0 1 0 0 1 0 -1 -1 0 0 0 1 1 0 0 1 0 0 0 0 0 0 -1 0 0 1 0 0 0 1 0 0 1 0 0 -1 -1 0 1 0 -2 0 0 0 0 0 1 1 1 0 0 0 0 1 0 1 0 1 0 1 0 0 1 
Plants Genes: 0 -1 -2 0 -1 -1 -1 1 -1 -2 -1 1 1 1 0 0 0 0 0 -2 0 2 1 1 -1 1 -1 0 0 1 0 1 0 -1 1 0 0 1 1 0 1 0 0 0 0 1 0 -1 2 0 -1 1 0 0 2 1 0 0 2 0 1 0 0 1 -1 3 2 1 0 -2 0 1 0 1 0 0 -1 2 -1 -1 0 0 0 1 0 -1 0 0 1 -1 -1 0 0 0 0 1 0 -1 1 1 0 -1 1 -1 0 0 0 0 0 0 -1 0 -1 -1 0 0 1 0 0 0 1 0 1 0 0 -1 
Mice Genes: 1 -1 1 1 0 1 0 0 0 -1 -1 0 1 0 1 0 0 0 -1 -1 0 0 0 0 0 0 1 -1 0 0 0 0 0 2 0 0 0 0 0 0 0 1 0 0 0 0 0 0 1 0 0 0 0 -1 1 1 0 0 0 0 -1 0 1 0 0 0 0 0 -1 0 -1 0 0 1 0 1 0 0 0 0 0 0 0 -2 0 0 0 0 0 0 0 -1 0 0 0 0 1 0 0 1 0 0 2 0 -1 0 0 0 0 0 0 -1 0 -2 0 0 -1 1 0 -1 0 1 -1 1 0 1 
Cats Genes: 0 1 -1 1 2 -1 -2 -1 -1 -1 0 1 0 0 0 0 0 0 0 0 1 0 0 -1 0 1 -1 -1 0 0 0 0 1 0 0 1 0 0 0 0 -1 -1 -1 0 0 0 0 0 0 0 0 0 0 2 0 -1 0 0 0 0 0 0 0 0 1 0 0 1 0 -1 -1 0 0 0 1 1 0 0 1 0 0 0 0 0 0 -1 0 0 1 0 0 0 1 0 0 1 0 0 -1 -1 0 1 0 -2 0 0 0 0 0 1 1 1 1 0 0 0 1 0 1 0 1 0 1 0 0 1 
Plants Genes: 0 -1 -2 0 -1 -1 -1 1 -1 -2 -1 1 1 1 0 0 0 0 0 -2 0 2 1 1 -1 1 -1 0 0 1 0 1 0 -1 1 0 0 0 1 0 1 0 0 0 0 1 0 -1 2 0 -1 1 0 0 2 1 0 0 2 0 1 0 0 1 -1 3 2 1 0 -2 0 1 0 1 0 0 -1 2 -1 -1 0 0 0 1 0 -1 0 0 1 -1 -1 0 0 0 0 1 0 -1 1 1 0 -1 1 -1 0 0 0 0 0 0 -1 0 -1 -1 0 0 1 0 0 0 1 0 1 0 0 -1 
Mice Genes: 1 -1 1 1 0 1 0 0 0 -1 -1 0 1 0 1 0 0 0 -1 -1 0 0 0 0 0 0 1 -1 0 0 0 0 0 2 0 0 0 0 0 0 0 1 0 0 0 0 0 0 1 0 0 0 0 -1 1 1 0 0 0 0 -1 0 1 0 0 0 0 0 -1 0 -1 0 0 1 0 1 0 0 0 0 0 0 0 -2 0 0 0 0 0 0 0 -1 0 0 0 0 1 0 0 1 0 0 2 0 -1 0 0 0 0 0 0 -1 0 -2 0 0 -1 1 0 -1 0 1 -1 1 0 1 
Cats Genes: 0 1 -1 1 2 -1 -2 -1 -1 -1 0 1 0 0 0 0 0 0 0 0 1 -1 0 -1 0 1 -1 -1 0 0 0 0 1 0 0 1 0 0 0 0 -1 -2 -1 0 0 0 0 0 0 0 0 0 0 2 0 -1 0 0 0 0 0 0 0 0 1 0 0 1 0 -1 -1 0 0 0 1 1 0 0 1 0 0 0 0 0 0 -1 0 0 1 0 0 0 1 0 0 1 0 0 -1 -1 0 1 0 -2 0 0 0 0 0 1 1 1 0 0 0 0 1 0 1 0 1 0 1 0 0 1 
Plants Genes: 0 -1 -2 0 -1 -1 -1 1 -1 -2 -1 1 1 1 0 0 0 0 0 -2 0 2 1 1 -1 1 -1 0 0 1 0 1 0 -1 1 0 0 0 1 0 1 0 0 0 0 1 0 -1 2 0 -1 1 0 0 2 1 0 0 2 0 1 0 0 1 -1 3 2 1 0 -2 0 1 0 1 0 0 -1 2 -1 -1 0 0 0 1 0 -1 0 0 0 -1 -1 0 0 0 0 1 0 -1 1 1 0 -1 1 -1 0 0 0 0 0 0 -1 0 -1 -1 0 0 1 0 0 0 1 0 1 0 0 -1 
Mice Genes: 1 -1 1 1 0 1 0 0 0 -1 -1 0 1 0 1 0 0 0 -1 -1 0 0 0 0 0 0 1 0 0 0 0 0 0 1 0 0 0 0 0 0 0 1 0 0 0 0 0 0 1 0 0 0 0 -1 1 1 0 0 0 0 -1 0 1 0 0 0 0 0 -1 0 -1 0 0 1 0 1 0 0 0 0 0 0 0 -2 0 0 0 0 0 0 0 -1 0 0 0 0 1 0 0 1 0 0 2 0 -1 0 0 0 0 0 0 -1 0 -2 0 0 -1 1 0 -1 0 1 -1 1 0 1 
Cats Genes: 0 1 -1 1 2 -1 -2 -1 -1 -1 0 1 0 0 0 0 0 0 0 0 1 0 0 -1 0 1 -1 -1 0 0 0 0 1 0 0 1 0 0 0 0 -1 -2 -1 0 0 0 0 0 0 0 0 0 0 2 0 -1 0 0 0 0 0 0 0 0 1 0 0 1 0 -1 -1 0 0 0 1 1 0 0 1 0 0 0 0 0 0 -1 0 0 1 0 0 0 1 0 0 1 0 0 -1 -1 0 1 0 -2 0 0 0 0 0 1 1 1 0 0 0 0 1 0 1 0 1 0 1 0 0 1 
Plants Genes: 0 -1 -2 0 -1 -1 -1 1 -1 -2 -2 1 1 1 0 0 0 0 0 -2 0 2 1 1 -1 1 -1 0 0 1 0 1 0 -1 1 0 0 1 1 0 1 0 0 0 0 1 0 -1 2 0 -1 1 0 0 2 1 0 0 2 0 1 0 0 1 -1 3 2 1 0 -2 0 1 0 1 0 0 -1 2 -1 -1 0 0 0 1 0 -1 0 0 0 -1 -1 0 0 0 0 1 0 -1 1 1 0 -1 1 -1 0 0 0 0 0 0 0 0 -1 -1 0 0 1 0 0 0 1 0 1 0 0 -1 
Mice Genes: 1 -1 1 1 0 1 0 0 0 -1 -1 0 1 0 1 0 0 0 -1 -1 0 0 0 0 0 0 1 0 0 1 0 -1 0 2 0 0 0 0 0 0 0 1 0 0 0 0 1 0 1 0 0 0 0 -1 1 1 0 0 0 0 -1 0 1 0 0 0 0 0 -1 0 -1 0 0 1 0 1 0 0 0 0 0 0 0 -2 0 0 0 0 0 0 0 -1 0 0 0 0 1 0 0 1 0 0 2 0 -1 0 0 0 0 0 0 -1 0 -2 0 0 -1 1 0 -1 0 1 -1 1 0 1 
Cats Genes: 0 1 -1 1 2 -1 -2 -1 -1 -1 0 1 0 0 0 0 0 0 0 0 1 0 0 -1 0 1 -1 -1 0 0 0 0 1 0 0 2 0 0 0 0 -1 -2 -1 0 0 0 0 0 0 0 0 0 0 2 0 -1 0 0 0 0 0 0 0 0 1 0 0 1 0 -1 -1 0 0 0 1 1 0 0 1 0 0 0 0 0 0 -1 0 0 1 0 0 0 1 0 0 1 0 0 -1 -1 0 0 0 -2 0 0 0 0 0 1 1 1 1 0 0 0 1 0 1 0 1 0 1 0 0 1 
Plants Genes: 0 -1 -2 0 -1 -1 -1 2 -1 -2 -1 1 1 1 0 0 0 0 0 -2 0 2 1 1 -1 1 -1 0 0 1 0 1 0 -1 1 0 0 1 1 0 1 0 0 0 0 1 0 -1 2 0 -1 1 0 0 2 1 0 0 2 0 1 0 0 1 -1 3 2 1 0 -2 0 1 0 1 0 0 -1 2 -1 -1 0 0 0 1 0 -1 0 0 0 -1 -1 0 0 0 0 1 0 -1 1 1 0 -1 1 -1 0 0 0 0 0 0 0 0 -1 -1 0 0 1 0 0 0 1 0 1 0 0 -1 
Mice Genes: 1 -1 1 1 0 1 0 0 0 -1 -1 0 1 0 1 0 0 0 -1 -1 0 0 0 0 0 0 1 0 0 0 0 0 0 1 0 0 0 0 0 0 0 1 0 0 0 0 0 0 1 0 0 0 0 -1 1 1 0 0 0 0 -1 0 1 0 0 0 0 0 -1 0 -1 0 0 1 0 1 0 0 0 0 0 0 0 -2 0 0 0 0 0 0 0 -1 0 0 0 0 1 0 0 1 0 0 2 0 -1 0 0 0 0 0 0 -1 0 -2 0 0 -1 1 0 -1 0 1 -1 1 0 1 
Cats Genes: 0 1 -1 1 2 -1 -2 -1 -1 -1 0 1 0 0 0 0 0 0 0 0 1 0 0 -1 0 1 -1 -1 0 0 0 0 1 0 0 1 0 0 0 0 -1 -2 -1 0 0 0 0 0 0 0 0 0 0 2 0 -1 0 0 0 0 0 0 0 0 1 0 0 1 0 -1 -1 0 0 0 1 1 0 0 1 0 0 0 0 0 0 -1 0 0 1 0 0 0 1 0 0 1 0 0 -1 -1 0 1 0 -2 0 0 0 0 0 1 1 1 1 0 0 0 1 0 1 0 1 0 1 0 0 1 
Plants Genes: 0 -1 -2 0 -1 -1 -1 1 -1 -2 -1 1 1 1 0 0 0 0 0 -2 0 2 1 1 -1 1 -1 0 0 1 0 1 0 -1 1 0 0 1 1 0 1 0 0 0 0 1 0 -1 2 0 -1 1 0 0 2 1 0 0 2 0 1 0 0 1 -1 3 2 1 0 -2 0 1 0 1 0 0 -1 2 -1 -1 0 0 0 1 0 -1 0 0 0 -1 -1 0 0 0 0 1 0 -1 1 1 0 -1 1 -1 0 0 0 0 0 0 0 0 -1 -1 0 0 1 0 0 0 1 0 1 0 0 -1 
Mice Genes: 1 -1 1 1 0 1 0 0 0 -1 -1 0 1 0 1 0 0 0 -1 -1 0 0 0 0 0 0 1 0 0 0 0 -1 0 1 0 0 0 0 0 0 0 1 0 0 0 0 0 0 1 0 0 0 0 -1 1 1 0 0 0 0 -1 0 1 0 0 0 0 0 -1 0 -1 0 0 1 0 1 0 0 0 0 0 0 0 -2 0 0 0 0 0 0 0 -1 0 0 0 0 1 0 0 1 0 0 2 0 -1 0 0 0 0 0 0 -1 0 -2 0 0 -1 1 0 -1 0 1 -1 1 0 1 
Cats Genes: 0 1 -1 1 2 -1 -2 -1 -1 -1 0 1 0 0 0 0 0 0 0 0 1 0 0 -1 0 1 -1 -1 0 0 0 0 1 0 0 1 0 0 0 0 -1 -2 -1 0 0 0 0 0 0 0 0 0 0 2 0 -1 0 0 0 0 0 0 0 0 1 0 0 1 0 -1 -1 0 0 0 1 1 0 0 1 0 0 0 0 0 0 -1 0 0 1 0 0 0 1 0 0 1 0 0 -1 -1 0 0 0 -2 0 0 0 0 0 1 1 1 0 0 0 0 1 0 1 0 1 0 1 0 0 1 
Plants Genes: 0 -1 -2 0 -1 -1 -1 1 -1 -2 -1 1 1 1 0 0 0 0 0 -2 0 2 1 1 -1 1 -1 0 0 1 0 1 0 -1 1 0 0 1 1 0 1 0 0 0 0 1 0 -1 2 0 -1 1 0 0 2 1 0 0 2 0 1 0 0 1 -1 3 2 1 0 -2 0 1 0 1 0 0 -1 2 -1 -1 0 0 0 1 0 -1 0 0 0 -1 -1 0 0 0 0 1 0 -1 1 1 0 -1 1 -1 0 0 0 0 0 0 -1 0 -1 -1 0 0 1 0 0 0 1 0 1 0 0 -1 
Mice Genes: 1 -1 1 1 0 1 0 0 0 -1 -1 0 1 0 1 0 0 0 -1 -1 0 0 0 0 0 1 1 -1 0 0 0 0 0 2 0 0 0 0 0 0 0 1 0 0 0 0 0 0 1 0 0 0 0 -1 1 1 0 0 0 0 -1 0 1 0 0 0 0 0 -1 0 -1 0 0 1 0 1 0 0 0 0 0 0 0 -2 0 0 0 0 0 0 0 -1 0 0 0 0 1 0 0 1 0 0 2 0 -1 0 0 0 0 0 0 -1 0 -2 0 0 -1 1 0 -1 0 1 -1 1 0 1 
Cats Genes: 0 1 -1 1 2 -1 -2 -1 -1 -1 0 1 0 0 0 0 0 0 0 0 1 -1 0 -1 0 1 -1 -1 0 0 0 0 1 0 0 2 0 0 0 0 -1 -2 -1 0 0 0 0 0 0 0 0 0 0 2 0 -1 0 0 0 0 0 0 0 0 1 0 0 1 0 -1 -1 0 0 0 1 1 0 0 1 0 0 0 0 0 0 -1 0 0 1 0 0 0 1 0 0 1 0 0 -1 -1 0 0 0 -2 0 0 0 0 0 1 1 1 1 0 0 0 1 0 1 0 1 0 1 0 0 1 
Plants Genes: 0 -1 -2 0 -1 -1 -1 1 -1 -2 -1 1 1 1 0 0 0 0 0 -2 0 2 1 1 -1 1 -1 0 0 1 0 1 0 -1 1 0 0 1 1 0 1 0 0 0 0 1 0 -1 2 0 -1 1 0 0 2 1 0 0 2 0 1 0 0 1 0 3 2 1 0 -2 0 1 0 1 0 0 -1 2 -1 -1 0 0 0 1 0 -1 0 0 1 -1 -1 0 0 0 0 1 0 -1 1 1 0 -1 1 -1 0 0 0 0 0 0 -1 0 -1 -1 0 0 1 0 0 0 1 0 1 0 0 -1 
Mice Genes: 1 -1 1 1 0 1 0 0 0 -1 -1 0 1 0 1 0 0 0 -1 -1 0 0 0 0 0 0 1 -1 0 0 0 0 0 2 0 0 0 0 0 0 0 1 0 0 0 0 0 0 1 0 0 0 0 -1 1 1 0 0 0 0 -1 0 1 0 0 0 0 0 -1 0 -1 0 0 1 0 1 0 0 0 0 0 0 0 -2 0 0 0 0 0 0 0 -1 0 0 0 0 1 0 0 1 0 0 2 0 -1 0 0 0 0 0 0 -1 0 -2 0 0 -1 1 0 -1 0 1 -1 1 0 1 
Cats Genes: 0 1 -1 1 2 -1 -2 -1 -1 -1 0 1 0 0 0 0 0 0 0 0 1 0 0 -1 0 1 -1 -1 0 0 0 0 1 0 0 2 0 0 0 0 -1 -2 -1 0 0 0 0 0 0 0 0 0 0 2 0 -1 0 0 0 0 0 0 0 0 1 0 0 1 0 -1 -1 0 0 0 1 1 0 0 1 0 0 0 0 0 0 -1 0 0 1 0 0 0 1 0 0 1 0 0 -1 -1 0 1 0 -2 0 0 0 0 0 1 1 1 1 0 0 0 1 0 1 0 1 0 1 0 0 1 
Plants Genes: 0 -1 -2 0 -1 -1 -1 1 -1 -2 -1 1 1 1 0 0 0 0 0 -2 0 2 1 1 -1 1 -1 0 0 1 0 1 0 -1 1 0 0 0 1 0 1 0 0 0 0 1 0 -1 2 0 -1 1 0 0 2 1 0 0 2 0 1 0 0 1 0 3 2 1 0 -2 0 1 0 1 0 0 -1 2 -1 -1 0 0 0 1 0 -1 0 0 0 -1 -1 0 0 0 0 1 0 -1 1 1 0 -1 1 -1 0 0 0 0 0 0 -1 0 -1 -1 0 0 1 0 0 0 1 0 1 0 0 -1 
Mice Genes: 1 -1 1 1 0 1 0 0 0 -1 -1 0 1 0 1 0 0 0 -1 -1 0 0 0 0 0 0 1 0 0 0 0 0 0 1 0 0 0 0 0 0 0 1 0 0 0 0 0 0 1 0 0 0 0 -1 1 1 0 0 0 0 -1 0 1 0 0 0 0 0 -1 0 -1 0 0 1 0 1 0 0 0 0 0 0 0 -2 0 0 0 0 0 0 0 -1 0 0 0 0 1 0 0 1 0 0 2 0 -1 0 0 0 0 0 0 -1 0 -2 0 0 -1 1 0 -1 0 1 -1 1 0 1 
Cats Genes: 0 1 -1 1 2 -1 -2 -1 -1 -1 0 1 0 0 0 0 0 0 0 0 1 -1 0 -1 0 1 -1 -1 0 0 0 0 1 0 0 1 0 0 0 0 -1 -2 -1 0 0 0 0 0 0 0 0 0 0 2 0 -1 0 0 0 0 0 0 0 0 1 0 0 1 0 -1 -1 0 0 0 1 1 0 0 1 0 0 0 0 0 0 -1 0 0 1 0 0 0 1 0 0 1 0 0 -1 -1 0 1 0 -2 0 0 0 0 0 1 1 1 1 0 0 0 1 0 1 0 1 0 1 0 0 1 
Plants Genes: 0 -1 -2 0 -1 -1 -1 1 -1 -2 -1 1 1 1 0 0 0 0 0 -2 0 2 1 1 -1 1 -1 0 0 1 0 1 0 -1 1 0 0 0 1 1 1 0 0 0 0 1 0 -1 2 0 -1 1 0 0 2 1 0 0 2 0 1 0 0 1 0 3 2 1 0 -2 0 1 0 1 0 0 -1 2 -1 -1 0 0 0 1 0 -1 0 0 0 -1 -1 0 0 0 0 1 0 -1 1 1 0 -1 1 -1 0 0 0 0 0 0 -1 0 -1 -1 0 0 1 0 0 0 1 0 1 0 0 -1 
Mice Genes: 1 -1 1 1 0 1 0 0 0 -1 -1 0 1 0 1 0 0 0 -1 -1 0 0 0 0 0 0 1 -1 0 0 0 0 0 1 0 0 0 0 0 0 0 1 0 0 0 0 0 0 1 0 0 0 0 -1 1 1 0 0 0 0 -1 0 1 0 0 0 0 0 -1 0 -1 0 0 1 0 1 0 0 0 0 0 0 0 -2 0 0 0 0 0 0 0 -1 0 0 0 0 1 0 0 1 0 0 2 0 -1 0 0 0 0 0 0 -1 0 -2 0 0 -1 1 0 -1 0 1 -1 1 0 1 
Cats Genes: 0 1 -1 1 2 -1 -2 -1 -1 -1 0 1 0 0 0 0 0 0 0 0 1 0 0 -1 0 1 -1 -1 0 0 0 0 1 0 0 1 0 0 0 0 -1 -2 -1 0 0 0 0 0 0 0 0 0 0 2 0 -1 0 0 0 0 0 0 0 0 1 0 0 1 0 -1 -1 0 0 0 1 1 0 0 1 0 0 0 0 0 0 -1 0 0 1 0 0 0 1 0 0 1 0 0 -1 -1 0 1 0 -2 0 0 0 0 0 1 1 1 1 0 0 0 1 0 1 0 1 0 1 0 0 1 
Plants Genes: 0 -1 -2 0 -1 -1 -1 1 -1 -2 -1 1 1 1 1 0 0 0 0 -2 0 2 1 1 -1 1 -1 0 0 1 0 1 0 -1 1 0 0 1 1 0 1 0 0 0 0 1 0 -1 2 0 -1 1 0 0 2 1 0 0 2 0 1 0 0 1 -2 3 2 1 0 -2 0 1 0 1 0 0 -1 2 -1 -1 0 0 0 1 0 -1 0 0 0 -1 -1 0 0 0 0 1 0 -1 1 1 0 -1 1 -1 0 0 0 0 0 0 -1 0 -1 -1 0 0 1 0 0 0 1 0 1 0 0 -1 
Mice Genes: 1 -1 1 1 0 1 0 0 0 -1 -1 0 1 0 1 0 0 0 -1 -1 0 0 0 0 0 1 1 0 0 0 0 0 0 2 0 0 0 0 0 0 0 1 0 0 0 0 0 0 1 0 0 0 0 -1 1 1 0 0 0 0 -1 0 1 0 0 0 0 0 -1 0 -1 0 0 1 0 1 0 0 1 0 0 0 0 -2 0 0 0 0 0 0 0 -1 0 0 0 0 1 0 0 1 0 0 2 0 -1 0 0 0 0 0 0 -1 0 -2 0 0 -1 1 0 -1 0 1 -1 1 0 1 
Cats Genes: 0 1 -1 1 2 -1 -2 -1 -1 -1 0 1 0 0 0 0 0 0 0 0 1 0 0 -1 0 1 -1 -1 0 0 0 0 1 0 0 1 0 0 0 0 -1 -2 -1 0 0 0 0 0 0 0 0 0 0 2 0 -1 0 0 0 0 0 0 0 0 1 0 0 1 0 -1 -1 0 0 0 1 1 0 0 1 0 0 0 0 0 0 -1 0 0 1 0 0 0 1 0 0 1 0 0 -1 -1 0 0 0 -2 0 0 0 0 0 1 1 1 1 0 0 0 1 0 1 0 1 0 1 0 0 1 
Plants Genes: 0 -1 -2 0 -1 -1 -1 1 -1 -2 -1 1 1 1 0 0 0 0 0 -2 0 2 1 1 -1 1 -1 0 0 1 0 1 0 -1 1 0 0 0 1 0 1 0 0 0 0 1 0 -1 2 0 -1 1 0 0 2 1 0 0 2 0 1 0 0 1 -1 3 2 1 0 -2 0 1 0 1 0 0 -1 2 -1 -1 0 0 0 1 0 -1 0 0 0 -1 -1 0 0 0 0 1 0 -1 1 1 0 -1 1 -1 0 0 0 0 0 0 -1 0 -1 -1 0 0 1 0 0 0 1 0 1 0 0 -1 
Mice Genes: 1 -1 1 1 0 1 0 0 0 -1 -1 0 1 0 1 0 0 0 -1 -1 0 0 0 0 0 0 1 0 0 0 0 0 0 2 0 0 0 0 0 0 0 1 0 0 0 0 0 0 1 0 0 0 0 -1 1 1 0 0 0 0 -1 0 1 0 0 0 0 0 -1 0 -1 0 0 1 0 1 0 0 0 0 0 0 0 -2 0 0 0 0 0 0 0 -1 0 0 0 0 1 0 0 1 0 0 2 0 -1 0 0 0 0 0 0 -1 0 -2 0 0 -1 1 0 -1 0 1 -1 1 0 1 
Cats Genes: 0 1 -1 1 2 -1 -2 -1 -1 -1 0 0 0 0 0 0 0 0 0 0 1 0 0 -1 0 1 -1 -1 0 0 0 0 1 0 0 1 0 0 0 0 -1 -2 -1 0 0 0 0 0 0 0 0 0 0 2 0 -1 0 0 0 0 0 0 0 0 1 0 0 1 0 -1 -1 0 0 0 1 1 0 0 1 0 0 0 0 0 0 -1 0 0 1 0 0 0 1 0 0 1 0 0 -1 -1 0 0 0 -2 0 0 0 0 0 1 1 1 0 0 0 0 1 0 1 0 1 0 1 0 0 1 
Plants Genes: 0 -1 -2 0 -1 -1 -1 1 -1 -2 -1 1 1 1 0 0 0 0 0 -2 0 2 1 1 -1 1 -1 0 0 1 0 1 0 -1 1 0 0 1 1 0 1 0 0 0 0 1 0 -1 2 0 -1 1 0 0 2 1 0 0 2 0 1 0 0 1 -1 3 2 1 0 -2 0 1 0 1 0 0 -1 2 -1 -1 0 0 0 1 0 -1 0 0 0 -1 -1 0 0 0 0 1 0 -1 1 1 0 -1 1 -1 0 0 0 0 0 0 -1 0 -1 -1 0 0 1 0 0 0 1 0 1 0 0 -1 
Mice Genes: 1 -1 1 1 0 1 0 0 0 -1 -1 0 1 0 1 0 0 0 -1 -1 0 0 0 0 0 1 1 -1 0 0 0 0 0 2 0 0 0 0 0 0 0 1 0 0 0 0 0 0 1 0 0 0 0 -1 1 1 0 0 0 0 -1 0 1 0 0 0 0 0 -1 0 -1 0 0 1 0 1 0 0 0 0 0 0 0 -2 0 0 0 0 0 0 0 -1 0 0 0 0 1 0 0 1 0 0 2 0 -1 0 0 0 0 0 0 -1 0 -2 0 0 -1 1 0 -1 0 1 -1 1 0 1 
Cats Genes: 0 1 -1 1 2 -1 -2 -1 -1 -1 0 1 0 0 0 0 0 0 0 0 1 0 0 -1 0 1 -1 -1 0 0 0 0 1 0 0 1 0 0 0 0 -1 -2 -1 0 0 0 0 0 0 0 0 0 0 2 0 -1 0 0 0 0 0 0 0 0 1 0 0 1 0 -1 -1 0 0 0 1 1 0 0 1 0 0 0 0 0 0 -1 0 0 1 0 0 0 1 0 0 1 0 0 -1 -1 0 1 0 -2 0 0 0 0 0 1 1 1 0 0 0 0 1 0 1 0 1 0 1 0 0 1 
Plants Genes: 0 -1 -2 0 -1 -1 -1 1 -1 -2 -1 1 1 1 1 0 0 0 0 -2 0 2 1 1 -1 1 -1 0 0 1 0 1 0 -1 1 0 0 0 1 0 1 0 0 0 0 1 0 -1 2 0 -1 1 0 0 2 1 0 0 2 0 1 0 0 1 -2 3 2 1 0 -2 0 1 0 1 0 0 -1 2 -1 -1 0 0 0 1 0 -1 0 0 0 -1 -1 0 0 0 0 1 0 -1 1 1 0 -1 1 -1 0 0 0 0 0 0 -1 0 -1 -1 0 0 1 0 0 0 1 0 1 0 0 -1 
Mice Genes: 1 -1 1 1 0 1 0 0 0 -1 -1 0 1 0 1 0 0 0 -1 -1 0 0 0 0 0 1 1 0 0 0 0 0 0 2 0 0 0 0 0 0 0 1 0 0 0 0 0 0 1 0 0 0 0 -1 1 1 0 0 0 0 -1 0 1 0 0 0 0 0 -1 0 -1 0 0 1 0 1 0 0 1 0 0 0 0 -2 0 0 0 0 0 0 0 -1 0 0 0 0 1 0 0 1 0 0 2 0 -1 0 0 0 0 0 0 -1 0 -2 0 0 -1 1 0 -1 0 1 -1 1 0 1 
Cats Genes: 0 1 -1 1 2 -1 -2 -1 -1 -1 0 1 0 0 0 0 0 0 0 0 1 0 0 -1 0 1 -1 -1 0 0 0 0 1 0 0 1 0 0 0 0 -1 -2 -1 0 0 0 0 0 0 0 0 0 0 2 0 -1 0 0 0 0 0 0 0 0 1 0 0 1 0 -1 -1 0 0 0 1 1 0 0 1 0 0 0 0 0 0 -1 0 0 1 0 0 0 1 0 0 1 0 0 -1 -1 0 0 0 -2 0 0 0 0 0 1 1 1 1 0 0 0 1 0 1 0 1 0 1 0 0 1 
Plants Genes: 0 -1 -2 0 -1 -1 -1 1 -1 -3 -1 1 1 1 0 0 0 0 0 -2 0 2 1 1 -1 1 -1 0 0 1 0 1 0 -1 1 0 0 1 1 0 1 0 0 0 0 1 0 -1 2 0 -1 1 0 0 2 1 0 0 2 0 1 0 0 1 -1 3 2 1 0 -2 0 1 0 1 0 0 -1 2 -1 -1 0 0 0 1 0 -1 0 0 -1 -1 -1 0 0 0 0 1 0 -1 1 1 0 -1 1 -1 0 0 0 0 0 0 -1 0 -1 -1 0 0 1 0 0 0 1 0 1 0 0 -1 
Mice Genes: 1 -1 1 1 0 1 0 0 0 -1 -1 0 1 0 1 0 0 0 -1 -1 0 0 0 0 0 0 1 0 0 0 0 0 0 2 0 0 0 0 0 0 0 1 0 0 0 0 0 0 1 0 0 0 0 -1 1 1 0 0 0 0 -1 0 1 0 0 0 0 0 -1 0 -1 0 0 1 0 1 0 0 0 0 0 0 0 -2 0 0 0 0 0 0 0 -1 0 0 0 0 1 0 0 1 0 0 2 0 -1 0 0 0 0 0 0 -1 0 -2 0 0 -1 1 0 -1 0 1 -1 1 0 1 
Cats Genes: 0 1 -1 1 2 -1 -2 -1 -1 -1 0 1 0 0 0 0 0 0 0 0 1 0 0 -1 0 1 -1 -1 0 0 0 0 1 0 0 1 0 0 0 0 -1 -2 -1 0 0 0 0 0 0 0 0 0 0 2 0 -1 0 0 0 0 0 0 0 0 1 0 0 1 0 -1 -1 0 0 0 1 1 0 0 1 0 0 0 0 0 0 -1 1 0 1 0 0 0 1 0 0 1 0 0 -1 -1 0 1 0 -2 0 0 0 0 0 1 1 1 0 0 0 0 1 0 1 0 1 0 1 0 0 1 
Plants Genes: 1 -1 -2 0 -1 -1 -1 1 -1 -2 -1 1 1 1 0 0 0 0 0 -2 0 2 1 1 -1 1 -1 0 0 1 0 1 0 -1 1 0 0 1 1 0 1 0 0 0 0 1 0 -1 2 0 -1 1 0 0 2 1 0 0 2 0 1 0 0 1 -1 3 2 1 0 -2 0 1 0 1 0 0 -1 2 -1 -1 0 0 0 1 0 -1 0 0 0 -1 -1 0 0 0 0 1 0 -1 1 1 0 -1 1 -1 0 0 0 0 0 0 -1 0 -1 -1 0 0 1 0 0 0 1 0 1 0 0 -1 
Mice Genes: 1 -1 1 1 0 1 0 0 0 -1 -1 0 1 0 1 0 0 0 -1 -1 0 0 0 0 0 0 1 0 0 0 0 0 0 2 0 0 0 0 0 0 0 1 0 0 0 0 0 0 1 0 0 0 0 -1 1 1 0 0 0 0 -1 0 1 0 0 0 0 0 -1 0 -1 0 0 1 0 1 0 0 0 0 0 0 0 -2 0 0 0 0 0 0 0 -1 0 0 0 0 1 0 0 1 0 0 2 0 -1 0 0 0 0 0 0 -1 0 -2 0 0 -1 1 0 -1 0 1 -1 1 0 1 
Cats Genes: 0 1 -1 1 2 -1 -2 -1 -1 -1 0 1 0 0 0 0 0 0 0 0 1 0 0 -1 0 1 -1 -1 0 0 0 0 1 0 0 1 0 0 0 0 -1 -2 -1 0 0 0 0 0 0 0 0 0 0 2 0 -1 0 0 0 0 0 0 0 0 1 0 0 1 0 -1 -1 0 0 0 1 1 0 0 1 0 0 0 0 0 0 -1 1 0 1 0 0 0 1 0 0 1 0 0 -1 -1 0 0 0 -2 0 0 0 0 0 1 1 1 0 0 0 0 1 0 1 0 1 0 1 0 0 1 
Plants Genes: 1 -1 -2 0 -1 -1 -1 1 -1 -3 -1 1 1 1 0 0 0 0 0 -2 0 2 1 1 -1 1 -1 0 0 1 0 1 0 -1 1 0 0 0 1 0 1 0 0 0 0 1 0 -1 2 0 -1 1 0 0 2 1 0 0 2 0 1 0 0 1 -1 3 2 1 0 -2 0 1 0 1 0 0 -1 2 -1 -1 0 0 0 1 0 -1 0 0 0 -1 -1 0 0 0 0 1 0 -1 1 1 0 -1 1 -1 0 0 0 0 0 0 -1 0 -1 -1 0 0 1 0 0 0 1 0 1 0 0 -1 
Mice Genes: 1 -1 1 1 0 1 0 0 0 -1 -1 0 1 0 1 0 0 0 -1 -1 0 0 0 0 0 0 1 0 0 0 0 0 0 1 0 0 0 0 0 0 0 1 0 0 0 0 0 0 1 0 0 0 0 -1 1 1 0 0 0 0 -1 0 1 0 0 0 0 0 -1 0 -1 0 0 1 0 1 0 0 0 0 0 0 0 -2 0 0 0 0 0 0 0 -1 0 0 0 0 1 0 0 1 0 0 2 0 -1 0 0 0 0 0 0 -1 0 -2 0 0 -1 1 0 -1 0 1 -1 1 0 1 
Cats Genes: 0 1 -1 1 2 -1 -2 -1 -1 -1 0 1 0 0 0 0 0 0 0 0 1 0 0 -1 0 1 -1 -1 0 0 0 0 1 0 0 1 0 0 0 0 -1 -1 -1 0 0 0 0 0 0 0 0 0 0 2 0 -1 0 0 0 0 0 0 0 0 1 0 0 1 0 -1 -1 0 0 0 1 1 0 0 1 0 0 0 0 0 0 -1 0 0 1 0 0 0 1 0 0 1 0 0 -1 -1 0 1 0 -2 0 0 0 0 0 1 1 1 0 0 0 0 1 0 1 0 1 0 1 0 0 1 
Plants Genes: 0 -1 -2 0 -1 -1 -1 1 -1 -2 -1 1 1 1 0 0 0 0 0 -2 0 2 1 1 -1 1 -1 0 0 1 0 1 0 -1 1 0 0 0 1 0 1 0 0 0 0 1 0 -1 2 0 -1 1 0 0 2 1 0 0 2 0 1 0 0 1 -1 3 2 1 0 -2 0 1 0 1 0 0 -1 2 -1 -1 0 0 0 1 0 -1 0 0 0 -1 -1 0 0 0 0 1 0 -1 1 1 0 -1 1 -1 0 0 0 0 0 0 -1 0 -1 -1 0 0 1 0 0 0 1 0 1 0 0 -1 
Mice Genes: 1 -1 1 1 0 1 0 0 0 -1 -1 0 1 0 1 0 0 0 -1 -1 0 0 0 0 0 1 1 0 0 0 0 0 0 2 0 0 0 0 0 0 0 1 0 0 0 0 0 0 1 0 0 0 0 -1 1 1 0 0 0 0 -1 0 1 0 0 0 0 0 -1 0 -1 0 0 1 0 1 0 0 0 0 0 0 0 -2 0 0 0 0 0 1 0 -1 0 0 0 0 1 0 0 1 0 0 2 0 -1 0 0 0 0 0 0 -1 0 -2 0 0 -1 1 0 -1 0 1 -1 1 0 1 
Cats Genes: 0 1 -1 1 2 -1 -2 -1 -1 -1 0 1 0 0 0 0 0 0 0 0 1 0 0 -1 0 1 -1 -1 0 0 0 0 1 0 0 1 0 0 0 0 -1 -2 -1 0 0 0 0 0 0 0 0 0 0 2 0 -1 0 0 0 0 0 0 0 0 1 0 0 1 0 -1 -1 0 0 0 1 1 0 0 1 0 0 0 0 0 0 -1 1 0 1 0 0 0 1 0 0 1 0 0 -1 -1 0 1 0 -2 0 0 0 0 0 1 1 1 0 0 0 0 1 0 1 0 1 0 1 0 0 1 
Plants Genes: 0 -1 -2 0 -1 -1 -1 1 -1 -2 -1 1 1 1 0 0 0 0 0 -2 0 2 1 1 -1 1 -1 0 0 1 0 1 0 -1 1 0 0 1 1 0 1 0 0 0 0 1 0 -1 2 0 -1 1 0 0 2 1 0 0 2 0 1 0 0 1 -1 3 2 1 0 -2 0 1 0 1 0 0 -1 2 -1 -1 0 0 0 1 0 -1 0 0 0 -1 -1 0 0 0 0 1 0 -1 1 1 0 -1 1 -1 0 0 0 0 0 0 -1 0 -1 -1 0 0 1 0 0 0 1 0 1 0 0 -1 
Mice Genes: 1 -1 1 1 0 1 0 0 0 -1 -1 0 1 0 1 0 0 0 -1 -1 0 0 0 0 0 1 1 0 0 0 0 0 0 2 0 0 0 0 0 0 0 1 0 0 0 0 0 0 1 0 0 0 0 -1 1 1 0 0 0 0 -1 0 1 0 0 0 0 0 -1 0 -1 0 0 1 0 1 0 0 0 0 0 0 0 -2 0 0 0 0 0 0 0 -1 0 0 0 0 1 0 0 1 0 0 2 0 -1 0 0 0 0 0 0 -1 0 -2 0 0 -1 1 0 -1 0 1 -1 1 0 1 
Cats Genes: 0 1 -1 1 2 -1 -2 -1 -1 -1 0 1 0 0 0 0 0 0 0 0 1 0 0 -1 0 1 -1 -1 0 0 0 0 1 0 0 1 0 0 0 0 -1 -2 -1 0 0 0 0 0 0 0 0 0 0 2 0 -1 0 0 0 0 0 0 0 0 1 0 0 1 0 -1 -1 0 0 0 1 1 0 0 1 0 0 0 0 0 0 -1 0 0 1 0 0 0 1 0 0 1 0 0 -1 -1 0 1 0 -2 0 0 0 0 0 1 1 1 0 0 0 0 1 0 1 0 1 0 1 0 0 1 
Plants Genes: 0 -1 -2 0 -1 -1 -1 1 -1 -2 -1 1 1 1 0 0 0 0 0 -2 0 2 1 1 -1 1 -1 0 0 1 0 1 0 -1 1 0 0 1 1 0 1 0 0 0 0 1 0 -1 2 0 -1 1 0 0 2 1 0 0 2 0 1 0 0 1 -1 3 2 1 0 -2 0 1 0 1 0 0 -1 2 -1 -1 0 0 0 1 0 -1 0 0 0 -1 -1 0 0 0 -1 1 0 -1 1 1 0 -1 1 -1 0 0 0 0 0 0 -1 0 -1 -1 0 0 1 0 0 0 1 0 1 0 0 -1 
Mice Genes: 1 -1 1 1 0 1 0 0 0 -1 -1 0 1 0 1 0 0 0 -1 -1 0 0 0 0 0 1 1 0 0 0 0 0 0 2 0 0 0 0 0 0 0 1 0 0 0 0 0 0 1 0 0 0 0 -1 1 1 0 0 0 0 -1 0 1 0 0 0 0 0 -1 0 -1 0 0 1 0 1 0 0 0 0 0 0 0 -2 0 0 0 0 0 0 0 -1 0 0 0 0 1 0 0 1 0 0 2 0 -1 0 0 0 0 0 0 -1 0 -2 0 0 -1 1 0 -1 0 1 -1 1 0 1 
Cats Genes: 0 1 -1 1 2 -1 -2 -1 -1 -1 0 1 0 0 0 0 0 0 0 0 1 0 0 -1 0 1 -1 -1 0 0 0 0 1 0 0 1 0 0 0 0 -1 -2 -1 0 0 0 0 0 0 0 0 0 0 2 0 -1 0 0 0 0 0 0 0 0 1 0 0 1 0 -1 -1 0 0 0 1 1 0 0 1 0 0 0 0 0 0 -1 0 0 1 0 0 0 1 0 0 1 0 0 -1 -1 0 1 0 -2 0 0 0 0 0 1 1 1 1 0 0 0 1 0 1 0 1 0 1 0 0 1 
Plants Genes: 0 -1 -2 0 -1 -1 -1 1 -1 -2 -1 1 1 1 0 0 0 0 0 -2 0 2 1 1 -1 1 -1 0 0 1 0 1 0 -1 1 0 0 1 1 0 1 0 0 0 0 1 0 -1 2 0 -1 1 0 0 2 1 0 0 2 0 1 0 0 1 -1 3 2 1 0 -2 0 1 0 1 0 0 -1 2 -1 -1 0 0 0 1 0 -1 0 0 0 -1 -1 0 0 0 0 1 0 -1 1 1 0 -1 1 -1 0 0 0 0 1 0 -1 0 -1 -1 0 0 1 0 0 0 1 0 1 0 0 -1 
Mice Genes: 1 -1 1 1 0 1 0 0 0 -1 -1 0 1 0 1 0 0 0 -1 -1 0 0 0 0 0 1 1 0 0 0 0 0 0 2 0 0 0 0 0 0 0 1 0 0 0 0 0 0 1 0 0 0 0 -1 1 1 0 0 0 0 -1 0 1 0 0 0 0 0 -1 0 -1 0 0 1 0 1 0 0 0 0 0 0 0 -2 0 0 0 0 0 0 0 -1 0 0 0 0 1 0 0 1 0 0 2 0 -1 0 0 0 0 0 0 -1 0 -2 0 0 -1 1 0 -1 0 1 -1 1 0 1 
Cats Genes: 0 1 -1 1 2 -1 -2 -1 -1 -1 0 1 0 0 0 0 0 0 0 0 1 0 0 -1 0 1 -1 -1 0 0 0 0 1 0 0 1 0 0 0 0 -1 -2 -1 0 0 0 0 0 0 0 0 0 0 2 0 -1 0 0 0 0 0 0 0 0 1 0 0 1 0 -1 -1 0 0 0 1 1 0 0 1 0 0 0 0 0 0 -1 0 0 1 0 0 0 1 0 0 1 0 0 -1 -1 0 1 0 -2 0 0 0 0 0 1 1 1 1 0 0 0 1 0 1 0 1 0 1 0 0 1 
Plants Genes: 0 -1 -2 0 -1 -1 -1 1 -1 -2 -1 1 1 1 0 0 0 0 0 -2 0 2 1 1 -1 1 -1 0 0 1 0 1 0 -1 1 0 0 1 1 0 1 0 0 0 0 1 0 -1 2 0 -1 1 0 0 2 1 0 0 2 0 1 0 0 1 0 3 2 1 0 -2 0 1 0 1 0 0 -1 2 -1 -1 0 0 0 1 0 -1 0 0 0 -1 -1 0 0 0 0 1 0 -1 1 1 0 -1 1 -1 0 0 0 0 0 0 -1 0 -1 -1 0 0 1 0 0 0 1 0 1 0 0 -1 
Mice Genes: 1 -1 1 1 0 1 0 0 0 -1 -1 0 1 0 1 0 0 0 -1 -1 0 0 0 0 0 1 1 0 0 0 0 0 0 2 0 0 0 0 0 0 0 1 0 0 0 0 0 0 1 0 0 0 0 -1 1 1 0 0 0 0 -1 0 1 0 0 0 0 0 -1 0 -1 0 0 1 0 1 0 0 0 0 0 0 0 -2 0 0 0 0 0 0 0 -1 0 0 0 0 1 0 0 1 0 0 2 0 -1 0 0 0 0 0 0 -1 0 -2 0 0 -1 1 0 -1 0 1 -1 1 0 1 
Cats Genes: 0 1 -1 1 2 -1 -2 -1 -1 -1 0 1 0 0 0 0 0 0 0 0 1 0 0 -1 0 1 -1 -1 0 0 0 0 1 0 0 1 0 0 0 0 -1 -1 -1 0 0 0 0 0 0 0 0 0 0 2 0 -1 0 0 0 0 0 0 0 0 1 0 0 1 0 -1 -1 0 0 0 1 1 0 0 1 0 0 0 0 0 0 -1 0 0 1 0 0 0 1 0 0 1 0 0 -1 -1 0 1 0 -2 0 0 0 0 0 1 1 1 1 0 0 0 1 0 1 0 1 0 1 0 0 1 
Plants Genes: 0 -1 -2 0 -1 -1 -1 1 -1 -2 -1 1 1 1 0 0 0 0 0 -2 0 2 1 1 -1 1 -1 0 0 1 0 1 0 -1 1 0 0 1 1 0 1 0 0 0 0 1 0 -1 2 0 -1 1 0 0 2 1 0 0 2 0 1 0 0 1 -2 3 2 1 0 -2 0 1 0 1 0 0 -1 2 -1 -1 0 0 0 1 0 -1 0 0 0 -1 -1 0 0 0 0 1 0 -1 1 1 0 -1 1 -1 0 0 0 0 0 0 -1 0 -1 -1 0 0 1 0 0 0 1 0 1 0 0 -1 
Mice Genes: 1 -1 1 1 0 1 0 0 0 -1 -1 0 1 0 1 0 0 0 -1 -1 0 0 0 0 0 1 1 0 0 0 0 0 0 2 0 0 0 0 0 0 0 1 0 0 0 0 0 0 1 0 0 0 0 -1 1 1 0 0 0 0 -1 0 1 0 0 0 0 0 -1 0 -1 0 0 1 0 1 0 0 0 0 0 0 0 -2 0 0 0 0 0 0 0 -1 0 0 0 0 1 0 0 1 0 0 2 0 -1 0 0 0 0 0 0 -1 0 -2 0 0 -1 1 0 -1 0 1 -1 1 0 1 
Cats Genes: 0 1 -1 1 2 -1 -2 -1 -1 -1 0 1 0 0 0 0 0 0 0 0 1 0 0 -1 0 1 -1 -1 0 0 0 0 1 0 0 1 0 0 0 0 -1 -1 -1 0 0 0 0 0 0 0 0 0 0 2 0 -1 0 0 0 0 0 0 0 0 1 0 0 1 0 -1 -1 0 0 0 1 1 0 0 1 0 0 0 0 0 0 -1 0 0 1 0 0 0 1 0 0 1 0 0 -1 -1 0 0 0 -2 0 0 0 0 0 1 1 1 0 0 0 0 1 0 1 0 1 0 1 0 0 1 
Plants Genes: 0 -1 -2 0 -1 -1 -1 1 -1 -2 -1 1 1 1 0 0 0 0 0 -2 0 2 1 1 -1 1 -1 0 0 1 0 1 0 -1 1 0 0 1 1 0 1 0 0 0 0 1 0 -1 2 0 -1 1 0 0 2 1 0 0 2 0 1 0 0 1 -2 3 2 1 0 -2 0 1 0 1 0 0 -1 2 -1 -1 0 0 0 1 0 -1 0 0 0 -1 -1 0 0 0 0 1 0 -1 1 1 0 -1 1 -1 0 0 0 0 0 0 -1 0 -1 -1 0 0 1 0 0 0 1 0 1 0 0 -1 
Mice Genes: 1 -1 1 1 0 1 0 0 0 -1 -1 0 1 0 1 0 0 0 -1 -1 0 0 0 0 0 0 1 0 0 0 0 0 0 2 0 0 0 0 0 0 0 1 0 0 0 0 0 0 1 0 0 0 0 -1 1 1 0 0 0 0 -1 0 1 0 0 0 0 0 -1 0 -1 0 0 1 0 1 0 0 0 0 0 0 0 -2 0 0 0 0 0 0 0 -1 0 0 0 0 1 0 0 1 0 0 2 0 -1 0 0 0 0 0 0 -1 0 -2 0 0 -1 1 0 -1 0 1 -1 1 0 1 
Cats Genes: 0 1 -1 1 2 -1 -2 -1 -1 -1 0 1 0 0 0 0 0 0 0 0 1 0 0 -1 0 1 -1 -1 0 0 0 0 1 0 0 1 0 0 0 0 -1 -1 -1 0 0 0 0 0 0 0 0 0 0 2 0 -1 0 0 0 0 0 0 0 0 1 0 0 1 0 -1 -1 0 0 0 1 1 0 0 1 0 0 0 0 0 0 -1 0 0 1 0 0 0 1 0 0 1 0 0 -1 -1 0 1 0 -2 0 0 0 0 0 1 1 1 1 0 0 0 1 0 1 0 1 0 1 0 0 1 
Plants Genes: 0 -1 -2 0 -1 -1 -1 1 -1 -2 -1 1 1 1 0 0 0 0 0 -2 0 2 1 1 -1 1 -1 0 0 1 0 1 0 -1 1 0 0 1 1 0 1 0 0 0 0 1 0 -1 2 0 -1 1 0 0 2 1 0 0 2 0 1 0 0 1 -1 3 2 1 0 -2 0 1 0 1 0 0 -1 2 -1 -1 0 0 0 1 0 -1 0 0 0 -1 -1 0 0 0 0 1 0 -1 1 1 0 -1 1 -1 0 0 0 0 0 0 -1 0 -1 -1 0 0 1 0 0 0 1 0 1 0 0 -1 
Mice Genes: 1 -1 1 1 0 1 0 0 0 -1 -1 0 1 0 1 0 0 0 -1 -1 0 0 0 0 0 0 1 0 0 0 0 0 0 2 0 0 0 0 0 0 0 1 0 0 0 0 0 0 1 0 0 0 0 -1 1 1 0 0 0 0 -1 0 1 0 0 0 0 0 -1 0 -1 0 0 1 0 1 0 0 0 0 0 0 0 -2 0 0 0 0 0 0 0 -1 0 0 0 0 1 0 0 1 0 0 2 0 -1 0 0 0 0 0 0 -1 0 -2 0 0 -1 1 0 -1 0 1 -1 1 0 1 
Cats Genes: 0 1 -1 1 2 -1 -2 -1 -1 -1 0 1 0 0 0 0 0 0 0 0 1 0 0 -1 0 1 -1 -1 0 0 0 0 1 0 0 1 0 0 0 0 -1 -1 -1 0 0 0 0 0 0 0 0 0 0 2 0 -1 0 0 0 0 0 0 0 0 1 0 0 1 0 -1 -1 0 0 0 1 1 0 0 1 0 0 0 0 0 0 -1 0 0 1 0 0 0 1 0 0 1 0 0 -1 -1 0 0 0 -2 0 0 0 0 0 1 1 1 0 0 0 0 1 0 1 0 1 0 1 0 0 1 
Plants Genes: 0 -1 -2 0 -1 -1 -1 1 -1 -2 -1 1 1 1 0 0 0 0 0 -2 0 2 1 1 -1 1 -1 0 0 1 0 1 0 -1 1 0 0 1 1 0 1 0 0 0 0 1 0 -1 2 0 -1 1 0 0 2 1 0 0 2 0 1 0 0 1 -1 3 2 1 0 -2 0 1 0 1 0 0 -1 2 -1 -1 0 0 0 1 0 -1 0 0 0 -1 -1 0 0 0 0 1 0 -1 1 1 0 -1 1 -1 0 0 0 0 0 0 -1 0 -1 -1 0 0 1 0 0 0 1 0 1 0 0 -1 
Mice Genes: 1 -1 1 1 0 1 0 0 0 -1 -1 0 1 0 1 0 0 0 -1 -1 0 0 0 0 0 0 1 0 0 0 0 0 0 2 0 0 0 0 0 0 1 1 0 0 0 0 0 0 1 0 0 0 0 -1 1 1 0 0 0 0 -1 0 1 0 0 0 0 0 -1 0 -1 0 0 1 0 1 0 0 0 0 0 0 0 -2 0 0 0 0 0 0 0 -1 0 0 0 0 1 0 0 1 0 0 2 0 -1 0 0 0 0 0 0 -1 0 -2 0 0 -1 1 0 -1 0 1 -1 1 0 1 
Cats Genes: 0 1 -1 1 2 -1 -2 -1 -1 -1 0 1 0 0 0 0 0 0 0 0 1 0 0 -1 0 1 -1 -1 0 0 0 0 1 0 0 1 0 0 0 0 -1 -1 -1 0 0 0 0 0 0 0 0 0 0 2 0 -1 0 0 0 0 0 0 0 0 1 0 0 1 0 -1 -1 0 0 0 1 1 0 0 1 0 0 0 0 0 0 -1 0 0 1 0 0 0 1 0 0 1 0 0 -1 -1 0 1 0 -2 0 0 0 0 0 1 1 1 0 0 0 0 1 0 1 0 1 0 1 0 0 1 
Plants Genes: 0 -1 -2 0 -1 -1 -1 1 -1 -3 -1 1 1 1 0 0 0 0 0 -2 0 2 1 1 -1 1 -1 0 0 1 0 1 0 -1 1 0 0 0 1 0 1 0 0 0 0 1 0 -1 2 0 -1 1 0 0 2 1 0 0 2 0 1 0 0 1 -1 3 2 1 0 -2 0 1 0 1 0 0 -1 2 -1 -1 0 0 0 1 0 -1 0 0 0 -1 -1 0 0 0 0 1 0 -1 1 1 0 -1 1 -1 0 0 0 0 0 0 -1 0 -1 -1 0 0 1 0 0 0 1 0 1 0 0 -1 
Mice Genes: 1 -1 1 1 0 1 0 0 0 -1 -1 0 1 0 1 0 0 0 -1 -1 0 0 0 0 0 0 1 0 0 0 0 0 0 1 0 0 0 0 0 0 0 1 0 0 0 0 0 0 1 0 0 0 0 -1 1 1 0 0 0 0 -1 0 1 0 0 0 0 0 -1 0 -1 0 0 1 0 1 0 0 0 0 0 0 0 -2 0 0 0 0 0 0 0 0 0 0 0 0 1 0 0 1 0 0 2 0 -1 0 0 0 0 0 0 -1 0 -2 0 0 -1 1 0 -1 0 1 -1 1 0 1 
Cats Genes: 0 1 -1 1 2 -1 -2 -1 -1 -1 0 1 0 0 0 0 0 0 0 0 1 0 0 -1 0 1 -1 -1 0 0 0 0 1 0 0 1 0 0 0 0 -1 -1 -1 0 0 0 0 0 0 0 0 0 0 2 0 -1 0 0 0 0 0 0 0 0 1 0 0 1 0 -1 -1 0 0 0 1 1 0 0 1 0 0 0 0 0 0 -1 0 0 1 0 0 0 1 0 0 1 0 0 -1 -1 0 1 0 -2 0 0 0 0 0 1 1 1 0 0 0 0 1 0 1 0 1 0 1 0 0 1 
Plants Genes: 0 -1 -2 0 -1 -1 -1 1 -1 -2 -1 1 1 1 0 0 0 0 0 -2 0 2 1 1 -1 1 -1 0 0 1 0 1 0 -1 1 0 0 0 1 0 1 0 0 0 0 1 0 -1 2 0 -1 1 0 0 2 1 0 0 2 0 1 0 0 1 -1 3 2 1 0 -2 0 1 0 1 0 0 -1 2 -1 -1 0 0 0 1 0 -1 0 0 0 -1 -1 0 0 0 0 1 0 -1 1 1 0 -1 1 -1 0 0 0 0 0 0 0 0 -1 -1 0 0 1 0 0 0 1 0 1 0 0 -1 
Mice Genes: 1 -1 1 1 0 1 0 0 0 -1 -1 0 1 0 1 0 0 0 -1 -1 0 0 0 0 0 0 1 0 0 0 0 0 0 2 0 0 0 0 0 0 0 1 0 0 0 0 0 0 1 0 0 0 0 -1 1 1 0 0 0 0 -1 0 1 0 0 0 0 0 -1 0 -1 0 0 1 0 1 0 0 0 0 0 0 0 -2 0 0 0 0 0 0 0 -1 0 0 0 0 1 0 0 1 0 0 2 0 -1 0 0 0 0 0 0 -1 0 -2 0 0 -1 1 0 -1 0 1 -1 1 0 1 
Cats Genes: 0 1 -1 1 2 -1 -2 -1 -1 -1 0 1 0 0 0 0 0 0 0 0 1 0 0 -1 0 1 -1 -1 0 0 0 0 1 0 0 1 0 0 0 0 -1 -1 -1 0 0 0 0 0 0 0 0 0 0 2 0 -1 0 0 0 0 0 0 0 0 1 0 0 1 0 -1 -1 0 0 0 1 1 0 0 1 0 0 0 0 0 0 -1 0 0 1 0 0 0 1 0 0 1 0 0 -1 -1 0 1 0 -2 0 0 0 0 0 1 1 1 0 0 0 0 1 0 1 0 1 0 1 0 0 1 
Plants Genes: 0 -1 -2 0 -1 -1 -1 1 -1 -2 -1 1 1 1 0 0 0 0 0 -2 0 2 1 1 -1 1 -1 0 0 1 0 1 0 -1 1 0 0 0 1 0 1 0 0 0 0 1 0 -1 2 0 -1 1 0 0 2 1 0 0 2 0 1 0 0 1 -1 3 2 1 0 -2 0 1 0 1 0 0 -1 2 -1 -1 0 0 0 1 0 -1 0 0 0 -1 -1 0 0 0 0 1 0 -1 1 1 0 -1 1 -1 0 0 0 0 0 0 -1 0 -1 -1 0 0 1 0 0 0 1 0 1 0 0 -1 
Mice Genes: 1 -1 1 1 0 1 0 0 0 -1 -1 0 1 0 1 0 0 0 -1 -1 0 0 0 0 0 0 1 -1 0 0 0 0 0 2 0 0 0 0 0 0 0 1 0 0 0 0 0 0 1 0 0 0 0 -1 1 1 0 0 0 0 -1 0 1 0 0 0 0 0 -1 0 -1 0 0 1 0 1 0 0 0 0 0 0 0 -2 0 0 0 0 0 0 0 -1 0 0 0 0 1 0 0 1 0 0 2 0 -1 0 0 0 0 0 0 -1 0 -2 0 0 -1 1 0 -1 0 1 -1 1 0 1 
Cats Genes: 0 1 -1 1 2 -1 -2 -1 -1 -1 0 1 0 0 0 0 0 0 0 0 1 0 0 -1 0 1 -1 -1 0 0 0 0 1 0 0 1 0 0 0 0 -1 -1 -1 0 0 0 0 0 0 0 0 0 0 2 0 -1 0 0 0 0 0 0 0 0 1 0 0 1 0 -1 -1 0 0 0 1 1 0 0 1 0 0 0 0 0 0 -1 0 0 1 0 0 0 1 0 0 1 0 0 -1 -1 0 1 0 -2 0 0 0 0 0 1 1 1 0 0 0 0 1 0 1 0 1 0 1 0 0 1 
Plants Genes: 0 -1 -2 0 -1 -1 -1 1 -1 -3 -1 1 1 1 0 0 0 0 0 -2 0 2 1 1 -1 1 -1 0 0 1 0 1 0 -1 1 0 0 0 1 0 1 0 0 0 0 1 0 -1 2 0 -1 1 0 0 2 1 0 0 2 0 1 0 0 1 -1 3 2 1 0 -2 0 1 0 1 0 0 -1 2 -1 -1 0 0 0 1 0 -1 0 0 0 -1 -1 0 0 0 0 1 0 -1 1 1 0 -1 1 -1 0 0 0 0 0 0 0 0 -1 -1 0 0 1 0 0 0 1 0 1 0 0 -1 
Mice Genes: 1 -1 1 1 0 1 0 0 0 -1 -1 0 1 0 1 0 0 0 -1 -1 0 0 0 0 0 1 1 0 0 0 0 0 0 2 0 0 0 0 0 0 0 1 0 0 0 0 0 0 1 0 0 0 0 -1 1 1 0 0 0 0 -1 0 1 0 0 0 0 0 -1 0 -1 0 0 1 0 1 0 0 0 0 0 0 0 -2 0 0 0 0 0 0 0 -1 0 1 0 0 1 0 0 1 0 0 2 0 -1 0 0 0 0 0 0 -1 0 -2 0 0 -1 1 0 -1 0 1 -1 1 0 1 
Cats Genes: 0 1 -1 1 2 -1 -2 -1 -1 -1 0 1 0 0 0 0 0 0 0 0 1 0 0 -1 0 1 -1 -1 0 0 0 0 1 0 0 1 0 0 0 0 -1 -1 -1 0 0 0 0 0 0 0 0 0 0 2 0 -1 0 0 0 0 0 0 0 0 1 0 0 1 0 -1 -1 0 0 0 1 1 0 0 1 0 0 0 0 0 0 -1 0 0 1 0 0 0 1 0 0 1 0 0 -1 -1 0 1 0 -2 0 0 0 0 0 1 1 1 0 0 0 0 1 0 1 0 1 0 1 0 0 1 
Plants Genes: 0 0 -2 0 -1 -1 -1 1 -1 -2 -1 1 1 1 0 0 0 0 0 -2 0 2 1 1 -1 1 -1 0 0 1 0 1 0 -1 1 0 0 0 1 0 1 0 0 0 0 1 0 -1 2 0 -1 1 0 0 2 1 0 0 2 0 1 0 0 1 -2 3 2 1 0 -2 0 1 0 1 0 0 -1 2 -1 -1 0 0 0 1 0 -1 0 0 0 -1 -1 0 0 0 0 1 0 -1 1 1 0 -1 1 -1 0 0 0 0 0 0 -1 0 -1 -1 0 0 1 0 0 0 1 0 1 0 0 -1 
Mice Genes: 1 -1 1 1 0 1 0 0 0 -1 -1 0 1 0 1 0 0 0 -1 -1 0 0 0 0 0 0 1 0 0 0 0 0 0 2 0 0 0 0 0 0 0 1 0 0 0 0 0 0 1 0 0 0 0 -1 1 1 0 0 0 0 -1 0 1 0 0 0 0 0 -1 0 -1 0 0 1 0 1 0 0 0 0 0 0 0 -2 0 0 0 0 0 0 0 -1 0 0 0 0 1 0 0 1 0 0 2 0 -1 0 0 0 0 0 0 -1 0 -2 0 0 -1 1 0 -1 0 1 -1 1 0 1 
Cats Genes: 0 1 -1 1 2 -1 -2 -1 -1 -1 0 1 0 0 0 0 0 0 0 0 1 0 0 -1 0 1 -1 -1 0 0 0 -1 1 0 0 1 0 0 0 0 -1 -2 -1 0 0 0 0 0 0 0 0 0 0 2 0 -1 0 0 0 0 0 0 0 0 1 0 0 1 0 -1 -1 0 0 0 1 1 0 0 1 0 0 0 0 0 0 -1 0 0 1 0 0 0 1 0 0 1 0 0 -1 -1 0 0 0 -2 0 0 0 0 0 1 1 1 0 0 0 0 1 0 1 0 1 0 1 0 0 1 
Plants Genes: 0 0 -2 0 -1 -1 -1 1 -1 -2 -1 1 1 1 0 0 0 0 0 -2 0 2 1 1 -1 1 -1 0 0 1 0 1 0 -1 1 0 0 1 1 0 1 0 0 0 0 1 0 -1 2 0 -1 1 0 0 2 1 0 0 2 0 1 0 0 1 -2 3 2 1 0 -2 0 1 0 1 0 0 -1 2 -1 -1 0 0 0 1 0 -1 0 0 0 -1 -1 0 0 0 0 1 0 -1 1 1 0 -1 1 -1 0 0 0 0 0 0 -1 0 -1 -1 0 0 1 0 0 0 1 0 1 0 0 -1 
Mice Genes: 1 -1 1 1 0 1 0 0 0 -1 -1 0 1 0 1 0 0 0 -1 -1 0 0 0 0 0 0 1 0 0 0 0 0 0 2 0 0 0 0 0 0 0 1 0 0 0 0 0 0 1 0 0 0 0 -1 1 1 0 0 0 0 -1 0 1 0 0 0 0 0 -1 0 -1 0 0 1 0 1 0 0 0 0 0 0 0 -2 0 0 0 0 0 0 0 -1 0 0 0 0 1 0 0 1 0 0 2 0 -1 0 0 0 0 0 0 -1 0 -2 0 0 -1 1 0 -1 0 1 -1 1 0 1 
Cats Genes: 0 1 -1 1 2 -1 -2 -1 -1 -1 0 1 0 0 0 0 0 0 0 0 1 0 0 -1 0 1 -1 -1 0 0 0 0 1 0 0 1 0 0 0 0 -1 -2 -1 0 0 0 0 0 0 0 0 0 0 2 0 -1 0 0 0 0 0 0 0 0 1 0 0 1 0 -1 -1 0 0 0 1 1 0 0 1 0 0 0 0 0 0 -1 0 0 1 0 0 0 1 0 0 1 0 0 -1 -1 0 0 0 -2 0 0 0 0 0 1 1 1 0 0 0 0 1 0 1 0 1 0 1 0 0 1 
Plants Genes: 0 -1 -2 0 -1 -1 -1 1 -1 -2 -1 1 1 1 0 0 0 0 0 -2 0 2 1 1 -1 1 -1 0 0 1 0 1 0 -1 1 0 0 0 1 0 1 0 0 0 0 1 0 0 2 0 -1 1 0 0 2 1 0 0 2 0 1 0 0 1 -1 3 2 1 0 -2 0 1 0 1 0 0 -1 2 -1 -1 0 0 0 1 0 -1 0 0 0 -1 -1 0 0 0 0 1 0 -1 1 1 0 -1 1 -1 0 0 0 0 0 0 -1 0 -1 -1 0 0 1 0 0 0 1 0 1 0 0 -1 
Mice Genes: 1 -1 1 1 0 1 0 0 0 -1 -1 0 1 0 1 0 0 0 -1 -1 0 0 0 0 0 0 1 0 0 0 0 0 0 1 0 0 0 0 0 0 0 1 0 0 0 0 0 0 1 0 0 0 0 -1 1 1 0 0 0 0 -1 0 1 0 0 0 0 0 -1 0 -1 0 0 1 0 1 0 0 0 0 0 0 0 -2 0 0 0 0 0 0 0 -1 0 0 0 0 1 0 0 1 0 0 2 0 -1 0 0 0 0 0 0 -1 0 -2 0 0 -1 1 0 -1 0 1 -1 1 0 1 
Cats Genes: 0 1 -1 1 2 -1 -2 -1 -1 -1 0 1 0 0 0 0 0 0 0 0 0 0 0 -1 0 1 -1 -1 0 0 0 -1 1 0 0 1 0 0 0 0 -1 -2 -1 0 0 0 0 0 0 0 0 0 0 2 0 -1 0 0 0 0 0 0 0 0 1 0 0 1 0 -1 -1 0 0 0 1 1 0 0 1 0 0 0 0 0 0 -1 0 0 1 0 0 0 1 0 0 1 0 0 -1 -1 0 1 0 -2 0 0 0 0 0 1 1 1 0 0 0 0 1 0 1 0 1 0 1 0 0 1 
Plants Genes: 0 0 -2 0 -1 -1 -1 1 -1 -2 -1 1 1 1 0 0 0 0 0 -2 0 2 1 1 -1 1 -1 0 0 1 0 1 0 -1 1 0 0 1 1 0 1 0 0 0 0 1 0 -1 2 0 -2 1 0 0 2 1 0 0 2 0 1 0 0 1 -1 3 2 1 0 -2 0 1 0 1 0 0 -1 2 -1 -1 0 0 0 1 0 -1 0 0 0 -1 -1 0 0 0 0 1 0 -1 1 1 0 -1 1 -1 0 0 0 0 0 0 -1 0 -1 -1 0 0 1 0 0 0 1 0 1 0 0 -1 
Mice Genes: 1 -1 1 1 0 1 0 0 0 -1 -1 0 1 0 1 0 0 0 -1 -1 0 0 0 0 0 0 1 0 0 0 0 0 0 1 0 0 0 0 0 0 0 1 0 0 0 0 0 0 1 0 0 0 0 -1 1 1 0 0 0 0 -1 0 1 0 0 0 0 0 -1 0 -1 0 0 1 0 1 0 0 0 0 0 0 0 -2 0 0 0 0 0 0 0 -1 0 0 0 0 1 0 0 1 0 0 2 0 -1 0 0 0 0 0 0 -1 0 -2 0 0 -1 1 0 -1 0 1 -1 1 0 1 
Cats Genes: 0 1 -1 1 2 -1 -2 -1 -1 -1 0 1 0 0 0 0 0 0 0 0 0 0 0 -1 0 1 -1 -1 0 0 0 0 1 0 0 1 0 0 0 0 -1 -2 -1 0 0 0 0 0 0 0 0 0 0 2 0 -1 0 0 0 0 0 0 0 0 1 0 0 1 0 -1 -1 0 0 0 1 1 0 0 1 0 0 0 0 0 0 -1 0 0 1 0 0 0 1 0 0 1 0 0 -1 -1 0 0 0 -2 0 0 0 0 0 1 1 1 0 0 0 0 1 0 1 0 1 0 1 0 0 1 